agebin 5th Median 95th
1000.0 0.0 0.0 0.0
999.0 0.0 0.0 0.0
998.0 0.0 0.0 0.0
997.0 0.0 0.0 0.0
996.0 0.0 0.0 0.0
995.0 0.0 0.0 0.0
994.0 0.0 0.0 0.0
993.0 0.0 0.0 0.0
992.0 0.0 0.0 0.0
991.0 0.0 0.0 0.0
990.0 0.0 0.0 0.0
989.0 0.0 0.0 0.0
988.0 0.0 0.0 0.0
987.0 0.0 0.0 0.0
986.0 0.0 0.0 0.0
985.0 0.0 0.0 0.0
984.0 0.0 0.0 0.0
983.0 0.0 0.0 0.0
982.0 0.0 0.0 0.0
981.0 0.0 0.0 0.0
980.0 0.0 0.0 0.0
979.0 0.0 0.0 0.0
978.0 0.0 0.0 4.12504885659e-06
977.0 0.0 0.0 5.040706382e-06
976.0 0.0 0.0 5.90500223924e-06
975.0 0.0 0.0 6.80272772168e-06
974.0 0.0 0.0 7.49410685229e-06
973.0 0.0 0.0 8.36900107232e-06
972.0 0.0 0.0 9.32568903353e-06
971.0 0.0 0.0 1.02853584518e-05
970.0 0.0 0.0 1.14223849625e-05
969.0 0.0 0.0 1.27374916914e-05
968.0 0.0 0.0 1.44426649236e-05
967.0 0.0 0.0 1.58509521987e-05
966.0 0.0 0.0 1.79094076648e-05
965.0 0.0 0.0 2.00162023371e-05
964.0 0.0 0.0 2.30281823737e-05
963.0 0.0 0.0 2.61880794472e-05
962.0 0.0 0.0 3.02746036635e-05
961.0 0.0 0.0 3.34928099573e-05
960.0 0.0 0.0 3.93202461593e-05
959.0 0.0 0.0 4.64217059006e-05
958.0 0.0 0.0 5.10776997565e-05
957.0 0.0 0.0 5.44312058191e-05
956.0 0.0 0.0 5.77008011732e-05
955.0 0.0 0.0 5.99095759896e-05
954.0 0.0 0.0 6.25213573144e-05
953.0 0.0 0.0 6.52164373528e-05
952.0 0.0 0.0 6.72799752236e-05
951.0 0.0 0.0 6.94276908469e-05
950.0 0.0 0.0 7.16407572066e-05
949.0 0.0 0.0 7.33983418521e-05
948.0 0.0 0.0 7.55472875159e-05
947.0 0.0 0.0 7.7489773951e-05
946.0 0.0 0.0 7.9676067589e-05
945.0 0.0 0.0 8.11110224134e-05
944.0 0.0 0.0 8.31732342545e-05
943.0 0.0 0.0 8.49717521017e-05
942.0 0.0 0.0 8.66655727284e-05
941.0 0.0 0.0 8.85573699189e-05
940.0 0.0 0.0 9.11597525848e-05
939.0 0.0 0.0 9.34130201473e-05
938.0 0.0 0.0 9.4850184286e-05
937.0 0.0 0.0 9.68349973567e-05
936.0 0.0 0.0 9.92106491372e-05
935.0 0.0 0.0 0.000100529493236
934.0 0.0 0.0 0.000102292679248
933.0 0.0 0.0 0.000104290415273
932.0 0.0 0.0 0.000106173092261
931.0 0.0 0.0 0.000108295455216
930.0 0.0 0.0 0.000109385687658
929.0 0.0 0.0 0.000111549316326
928.0 0.0 0.0 0.000112860732966
927.0 0.0 0.0 0.000114288711502
926.0 0.0 0.0 0.000115837109046
925.0 0.0 0.0 0.000117382783908
924.0 0.0 0.0 0.000118870228082
923.0 0.0 0.0 0.000120351916736
922.0 0.0 0.0 0.000122667279756
921.0 0.0 0.0 0.000124100638248
920.0 0.0 0.0 0.000125695496464
919.0 0.0 0.0 0.000127298781988
918.0 0.0 0.0 0.000128880356829
917.0 0.0 0.0 0.00013040344159
916.0 0.0 0.0 0.000132478899027
915.0 0.0 0.0 0.000134487716989
914.0 0.0 0.0 0.000136405094225
913.0 0.0 0.0 0.000137762664006
912.0 0.0 0.0 0.000138962037781
911.0 0.0 0.0 0.000140338391289
910.0 0.0 0.0 0.000141972045503
909.0 0.0 0.0 0.000143756813009
908.0 0.0 0.0 0.00014499296281
907.0 0.0 0.0 0.000146929361651
906.0 0.0 0.0 0.000148492349228
905.0 0.0 0.0 0.000149513280057
904.0 0.0 0.0 0.000150901766443
903.0 0.0 0.0 0.000152827695723
902.0 0.0 0.0 0.000153754495698
901.0 0.0 0.0 0.000155160208836
900.0 0.0 0.0 0.000156903619282
899.0 0.0 0.0 0.000157992768487
898.0 0.0 0.0 0.000159753808045
897.0 0.0 0.0 0.000161069180326
896.0 0.0 0.0 0.000162175286067
895.0 0.0 0.0 0.000163917904521
894.0 0.0 0.0 0.00016565465501
893.0 0.0 0.0 0.000167927529581
892.0 0.0 0.0 0.000169409530628
891.0 0.0 0.0 0.00017096546571
890.0 0.0 0.0 0.000173188576231
889.0 0.0 0.0 0.000174638153463
888.0 0.0 0.0 0.000175897318258
887.0 0.0 0.0 0.000176323530537
886.0 0.0 0.0 0.000177445932674
885.0 0.0 0.0 0.000178463582062
884.0 0.0 0.0 0.000179301537007
883.0 0.0 0.0 0.00018046438043
882.0 0.0 0.0 0.000181572086276
881.0 0.0 0.0 0.000183126597821
880.0 0.0 0.0 0.000184285210292
879.0 0.0 0.0 0.000186214615176
878.0 0.0 0.0 0.000186959154825
877.0 0.0 0.0 0.000188186947611
876.0 0.0 0.0 0.000189495732357
875.0 0.0 0.0 0.000190285485635
874.0 0.0 0.0 0.000191289562203
873.0 0.0 0.0 0.000192086719059
872.0 0.0 0.0 0.000192543402798
871.0 0.0 0.0 0.00019391169528
870.0 0.0 0.0 0.000194349108398
869.0 0.0 0.0 0.000196341078914
868.0 0.0 0.0 0.000197476552048
867.0 0.0 0.0 0.000198170526539
866.0 0.0 0.0 0.000199281050879
865.0 0.0 0.0 0.000200655019307
864.0 0.0 0.0 0.000201791325284
863.0 0.0 0.0 0.000202662704464
862.0 0.0 0.0 0.000203469056638
861.0 0.0 0.0 0.000204437156899
860.0 0.0 0.0 0.000205137536332
859.0 0.0 0.0 0.000206667457346
858.0 0.0 0.0 0.000207284951933
857.0 0.0 0.0 0.000208444646494
856.0 0.0 0.0 0.00020893867555
855.0 0.0 0.0 0.000209734933348
854.0 0.0 0.0 0.000210393707394
853.0 0.0 0.0 0.000211001729276
852.0 0.0 0.0 0.00021163613497
851.0 0.0 0.0 0.000212113378598
850.0 0.0 0.0 0.000213513337015
849.0 0.0 0.0 0.000213949350382
848.0 0.0 0.0 0.00021453655293
847.0 0.0 0.0 0.00021514730772
846.0 0.0 0.0 0.000215924437818
845.0 0.0 0.0 0.000216759874396
844.0 0.0 0.0 0.000217218147139
843.0 0.0 0.0 0.000217881777604
842.0 0.0 0.0 0.000218333721703
841.0 0.0 0.0 0.00021879238131
840.0 0.0 0.0 0.000219656947018
839.0 0.0 0.0 0.000220714035868
838.0 0.0 0.0 0.000221541071218
837.0 0.0 0.0 0.000222102327883
836.0 0.0 0.0 0.000222008844425
835.0 0.0 0.0 0.000222582236964
834.0 0.0 0.0 0.000222776867527
833.0 0.0 0.0 0.00022346645606
832.0 0.0 0.0 0.000224033939019
831.0 0.0 0.0 0.000224222397884
830.0 0.0 0.0 0.000224707873994
829.0 0.0 0.0 0.000224795326748
828.0 0.0 0.0 0.00022528109679
827.0 0.0 0.0 0.000226087347251
826.0 0.0 0.0 0.000226593693029
825.0 0.0 0.0 0.000227461880658
824.0 0.0 0.0 0.000228330756028
823.0 0.0 0.0 0.000229115171272
822.0 0.0 0.0 0.000229671576148
821.0 0.0 0.0 0.000230155197193
820.0 0.0 0.0 0.000231040786904
819.0 0.0 0.0 0.000231639251202
818.0 0.0 0.0 0.000231952856718
817.0 0.0 0.0 0.000232897398529
816.0 0.0 0.0 0.000233553296216
815.0 0.0 0.0 0.00023435500094
814.0 0.0 0.0 0.000235031306626
813.0 0.0 0.0 0.000235505540901
812.0 0.0 0.0 0.000236318292613
811.0 0.0 0.0 0.000236860764711
810.0 0.0 0.0 0.000237625723035
809.0 0.0 0.0 0.000238521957338
808.0 0.0 0.0 0.000239272998497
807.0 0.0 0.0 0.000239785081383
806.0 0.0 0.0 0.000240495365279
805.0 0.0 0.0 0.000240961973254
804.0 0.0 0.0 0.000241863071904
803.0 0.0 0.0 0.000242807659226
802.0 0.0 0.0 0.000243540336608
801.0 0.0 0.0 0.000243962223848
800.0 0.0 0.0 0.000244285417534
799.0 0.0 0.0 0.000244883462237
798.0 0.0 0.0 0.000245558829804
797.0 0.0 0.0 0.000246184594107
796.0 0.0 0.0 0.00024686171731
795.0 0.0 0.0 0.000247726508541
794.0 0.0 0.0 0.000248600519556
793.0 0.0 0.0 0.000248980198154
792.0 0.0 0.0 0.000249687754358
791.0 0.0 0.0 0.000250232454308
790.0 0.0 0.0 0.000250586352006
789.0 0.0 0.0 0.000250903413064
788.0 0.0 0.0 0.000251550688532
787.0 0.0 0.0 0.000252054233181
786.0 0.0 0.0 0.000252596082126
785.0 0.0 0.0 0.000253453646012
784.0 0.0 0.0 0.000253828844769
783.0 0.0 0.0 0.000254316215368
782.0 0.0 0.0 0.000254977354079
781.0 0.0 0.0 0.00025578665417
780.0 0.0 0.0 0.000256227192238
779.0 0.0 0.0 0.000256993503247
778.0 0.0 0.0 0.000257711828853
777.0 0.0 0.0 0.000258414711088
776.0 0.0 0.0 0.000259406622087
775.0 0.0 0.0 0.000259954932136
774.0 0.0 0.0 0.000260329069412
773.0 0.0 0.0 0.000260843850753
772.0 0.0 0.0 0.000261582636605
771.0 0.0 0.0 0.000261993985225
770.0 0.0 0.0 0.000262377855279
769.0 0.0 0.0 0.000262922457996
768.0 0.0 0.0 0.000263922725859
767.0 0.0 0.0 0.000264456057965
766.0 0.0 0.0 0.000265071284928
765.0 0.0 0.0 0.000265695936583
764.0 0.0 0.0 0.000266698995285
763.0 0.0 0.0 0.000267398676191
762.0 0.0 0.0 0.000267962337679
761.0 0.0 0.0 0.000268630990649
760.0 0.0 0.0 0.000269039574559
759.0 0.0 0.0 0.000269824598146
758.0 0.0 0.0 0.000270225186806
757.0 0.0 0.0 0.000271006905654
756.0 0.0 0.0 0.000271451728542
755.0 0.0 0.0 0.00027191491438
754.0 0.0 0.0 0.00027278354656
753.0 0.0 0.0 0.000273517420545
752.0 0.0 0.0 0.000274851825776
751.0 0.0 0.0 0.000275995308213
750.0 0.0 0.0 0.000276856106314
749.0 0.0 0.0 0.000277586133262
748.0 0.0 0.0 0.000278362005399
747.0 0.0 0.0 0.000279644323485
746.0 0.0 0.0 0.00028036970695
745.0 0.0 0.0 0.000281349007716
744.0 0.0 0.0 0.000282063735459
743.0 0.0 0.0 0.000282640028245
742.0 0.0 0.0 0.000283100625351
741.0 0.0 0.0 0.000283950665255
740.0 0.0 0.0 0.000284423468796
739.0 0.0 0.0 0.000284732104372
738.0 0.0 0.0 0.00028549280027
737.0 0.0 0.0 0.000286467844609
736.0 0.0 0.0 0.000286927363541
735.0 0.0 0.0 0.000287667894865
734.0 0.0 0.0 0.000288339448967
733.0 0.0 0.0 0.000288964163149
732.0 0.0 0.0 0.000289721846293
731.0 0.0 0.0 0.000290706863555
730.0 0.0 0.0 0.000291366858712
729.0 0.0 0.0 0.000292080436511
728.0 0.0 0.0 0.000293014570652
727.0 0.0 0.0 0.000293631690862
726.0 0.0 0.0 0.000294393087622
725.0 0.0 0.0 0.000294779620965
724.0 0.0 0.0 0.00029556099423
723.0 0.0 0.0 0.000296281511072
722.0 0.0 0.0 0.000296877045195
721.0 0.0 0.0 0.000297769532314
720.0 0.0 0.0 0.000298416651799
719.0 0.0 0.0 0.000299199802434
718.0 0.0 0.0 0.000300258384899
717.0 0.0 0.0 0.000301230389692
716.0 0.0 0.0 0.000301854848544
715.0 0.0 0.0 0.000302933005371
714.0 0.0 0.0 0.000303596982193
713.0 0.0 0.0 0.000304098489317
712.0 0.0 3.42518737319e-06 0.000304568382606
711.0 0.0 3.73966682978e-06 0.000305406729515
710.0 0.0 3.85513453325e-06 0.000306341619426
709.0 0.0 3.92428461501e-06 0.00030693762409
708.0 0.0 4.00732195365e-06 0.000307957581023
707.0 0.0 4.09703121476e-06 0.000309066176399
706.0 0.0 4.16576251547e-06 0.000309864767676
705.0 0.0 4.23312057108e-06 0.000310775503449
704.0 0.0 4.30969353148e-06 0.000311534392919
703.0 0.0 4.36979286554e-06 0.00031227175759
702.0 0.0 4.42163065013e-06 0.000313367122472
701.0 0.0 4.47719389793e-06 0.000314257701607
700.0 0.0 4.51607445873e-06 0.000315083615178
699.0 0.0 4.55615734552e-06 0.0003159144594
698.0 0.0 4.60663161101e-06 0.000316748915279
697.0 0.0 4.66202045779e-06 0.000317630131165
696.0 0.0 4.71317348719e-06 0.000318637829655
695.0 0.0 4.76079519785e-06 0.000319596005784
694.0 0.0 4.80866882439e-06 0.000320437356362
693.0 0.0 4.84367035814e-06 0.000320967327969
692.0 0.0 4.89063660705e-06 0.000322217481273
691.0 0.0 4.93510298896e-06 0.000323108337959
690.0 0.0 4.98012583163e-06 0.000324207151692
689.0 0.0 5.02076227632e-06 0.000325504390429
688.0 0.0 5.05856316917e-06 0.000326127004887
687.0 0.0 5.09777953146e-06 0.000327481493797
686.0 0.0 5.1472556589e-06 0.000328723864417
685.0 0.0 5.18656562766e-06 0.000329526812688
684.0 0.0 5.2202655585e-06 0.000330348626826
683.0 0.0 5.26192222977e-06 0.000331272271512
682.0 0.0 5.29642979271e-06 0.000332495686084
681.0 0.0 5.32221012749e-06 0.000333281240678
680.0 0.0 5.35606315567e-06 0.000334518747205
679.0 0.0 5.39257580257e-06 0.000335271834614
678.0 0.0 5.42531445201e-06 0.000336194916352
677.0 0.0 5.45289633129e-06 0.000336928319076
676.0 0.0 5.48498470045e-06 0.000338068694821
675.0 0.0 5.51570859238e-06 0.000339003144276
674.0 0.0 5.54745156509e-06 0.000339737885613
673.0 0.0 5.57862901015e-06 0.000341033341903
672.0 0.0 5.6159394543e-06 0.000342167424922
671.0 0.0 5.64611759179e-06 0.000343059528356
670.0 0.0 5.68024989457e-06 0.000343894852477
669.0 0.0 5.70786486152e-06 0.00034548886549
668.0 0.0 5.73706241609e-06 0.000346148762852
667.0 0.0 5.76828228833e-06 0.000347321592545
666.0 0.0 5.79099823386e-06 0.000348232926904
665.0 0.0 5.81898943822e-06 0.000348999664568
664.0 0.0 5.84563901278e-06 0.000350138245476
663.0 0.0 5.8708399095e-06 0.000351045890145
662.0 0.0 5.91505552443e-06 0.000352295260359
661.0 0.0 5.94208241259e-06 0.000353533077407
660.0 0.0 5.97371830637e-06 0.000354220445669
659.0 0.0 6.00674874184e-06 0.000355243802188
658.0 0.0 6.03878280813e-06 0.000356534894244
657.0 0.0 6.07734300094e-06 0.000357612174302
656.0 0.0 6.11667829865e-06 0.000358543436046
655.0 0.0 6.15750277222e-06 0.000359493731624
654.0 0.0 6.18488111509e-06 0.000360769063499
653.0 0.0 6.21776905696e-06 0.000361758016261
652.0 0.0 6.24108310402e-06 0.000362668627841
651.0 0.0 6.27246067725e-06 0.000364315088424
650.0 0.0 6.31260607541e-06 0.00036557982265
649.0 0.0 6.35210871521e-06 0.0003664953172
648.0 0.0 6.38223263372e-06 0.000367445701404
647.0 0.0 6.41528209873e-06 0.000368550381909
646.0 0.0 6.44466747481e-06 0.000369630056302
645.0 0.0 6.48532818131e-06 0.000371009619542
644.0 0.0 6.51454529237e-06 0.000372831126293
643.0 0.0 6.54883458166e-06 0.000373943668054
642.0 0.0 6.57730173881e-06 0.000374906927924
641.0 0.0 6.61261829391e-06 0.000376474560661
640.0 0.0 6.64964701672e-06 0.000378316830254
639.0 0.0 6.68220060414e-06 0.000379625390111
638.0 0.0 6.71538092534e-06 0.000380841676925
637.0 0.0 6.75228610904e-06 0.000382734925393
636.0 0.0 6.78275464277e-06 0.000384015937051
635.0 0.0 6.82527910728e-06 0.000386081876494
634.0 0.0 6.85962900459e-06 0.00038773191909
633.0 0.0 6.8964311279e-06 0.000389167821844
632.0 0.0 6.91952537883e-06 0.000390529115167
631.0 0.0 6.94480533357e-06 0.000391964660313
630.0 0.0 6.96818908233e-06 0.000392843452488
629.0 0.0 6.99906746996e-06 0.000393865378287
628.0 0.0 7.02166551718e-06 0.000395053170045
627.0 0.0 7.06390543048e-06 0.000396664940833
626.0 0.0 7.08927309646e-06 0.000398588293684
625.0 0.0 7.12342012854e-06 0.000399650007013
624.0 0.0 7.15789073546e-06 0.000401410724156
623.0 0.0 7.18545867962e-06 0.000403133332882
622.0 0.0 7.21637777222e-06 0.000404445036752
621.0 0.0 7.25284793545e-06 0.000406034078187
620.0 0.0 7.28670724207e-06 0.00040814938546
619.0 0.0 7.33327684054e-06 0.000409876717601
618.0 0.0 7.37711854946e-06 0.000411578087685
617.0 0.0 7.41107555497e-06 0.000413536300845
616.0 0.0 7.46293153251e-06 0.00041492232938
615.0 0.0 7.5115295751e-06 0.000416372914551
614.0 0.0 7.53875635811e-06 0.000418075296079
613.0 0.0 7.58424789662e-06 0.000419908716035
612.0 0.0 7.62071145384e-06 0.000421571893204
611.0 0.0 7.66720416049e-06 0.000423823828521
610.0 0.0 7.70721092489e-06 0.000425404852064
609.0 0.0 7.74936160251e-06 0.000427096611455
608.0 0.0 7.79201698135e-06 0.000429039492829
607.0 0.0 7.84920988821e-06 0.000431293796117
606.0 0.0 7.90272847692e-06 0.000433595909204
605.0 0.0 7.94715629268e-06 0.000436602992957
604.0 0.0 7.98117400609e-06 0.000438442419005
603.0 0.0 8.03034811932e-06 0.000439946833781
602.0 0.0 8.08408056736e-06 0.000443028197507
601.0 0.0 8.13329173318e-06 0.000446561975722
600.0 0.0 8.17244437981e-06 0.000447981960322
599.0 0.0 8.22092150373e-06 0.000449491954212
598.0 0.0 8.27691180475e-06 0.000451192427478
597.0 0.0 8.33861268807e-06 0.000452986554765
596.0 0.0 8.37940079798e-06 0.000455615836734
595.0 0.0 8.4200612172e-06 0.000458857173625
594.0 0.0 8.47937605204e-06 0.000461323463593
593.0 0.0 8.54046180343e-06 0.000463078672952
592.0 0.0 8.58280014928e-06 0.000464937172703
591.0 0.0 8.64002877344e-06 0.000467397685077
590.0 0.0 8.67752157181e-06 0.000469605164837
589.0 0.0 8.73893997915e-06 0.00047200684835
588.0 0.0 8.79376425773e-06 0.000474039340903
587.0 0.0 8.8529987188e-06 0.000476652499854
586.0 0.0 8.91735692985e-06 0.000479495203905
585.0 0.0 8.97491352231e-06 0.00048260460779
584.0 0.0 9.02520461785e-06 0.000485152480313
583.0 0.0 9.08620770354e-06 0.000487794869698
582.0 0.0 9.15400681841e-06 0.000491665455882
581.0 0.0 9.21764051509e-06 0.000494306841571
580.0 0.0 9.27270542223e-06 0.000496829838241
579.0 0.0 9.32684207041e-06 0.00049968607158
578.0 0.0 9.40769801535e-06 0.000504028405107
577.0 0.0 9.4813159632e-06 0.000507915659116
576.0 0.0 9.52822295356e-06 0.000511171618237
575.0 0.0 9.60073858859e-06 0.00051571472248
574.0 0.0 9.64671868515e-06 0.00051720617991
573.0 0.0 9.71496036179e-06 0.000521482975156
572.0 0.0 9.77394172864e-06 0.000525962989561
571.0 0.0 9.87676183421e-06 0.000530538918311
570.0 0.0 9.93521877075e-06 0.000533582873852
569.0 0.0 1.00092400013e-05 0.000538086822618
568.0 0.0 1.01027275502e-05 0.000542966333645
567.0 0.0 1.01708462353e-05 0.000547900507506
566.0 0.0 1.02522114019e-05 0.000552959882765
565.0 0.0 1.03478730906e-05 0.000556549263238
564.0 0.0 1.04299056535e-05 0.000558897201606
563.0 0.0 1.05143481654e-05 0.000566690635267
562.0 0.0 1.06119179327e-05 0.000572997039492
561.0 0.0 1.07002022888e-05 0.000577518458477
560.0 0.0 1.07937110364e-05 0.000582575204973
559.0 0.0 1.0890584458e-05 0.000586692533311
558.0 0.0 1.09951327043e-05 0.000591455198125
557.0 0.0 1.11480536783e-05 0.000596086487411
556.0 0.0 1.1257564167e-05 0.000602615783867
555.0 0.0 1.13483969663e-05 0.000607240060634
554.0 0.0 1.15007744309e-05 0.000616055505981
553.0 0.0 1.16163572301e-05 0.000627218137247
552.0 0.0 1.17398051433e-05 0.000640428296103
551.0 0.0 1.18392371e-05 0.000646954753655
550.0 0.0 1.19721769807e-05 0.000658069019415
549.0 0.0 1.20795402434e-05 0.000667266513189
548.0 0.0 1.22209242275e-05 0.000676804770054
547.0 0.0 1.2375039031e-05 0.000684499115413
546.0 0.0 1.25120143313e-05 0.000700059023641
545.0 0.0 1.26482928173e-05 0.000710347332082
544.0 0.0 1.27942536777e-05 0.000716995632975
543.0 0.0 1.29726973234e-05 0.000727639160469
542.0 0.0 1.31691877139e-05 0.000735835111806
541.0 0.0 1.33765000849e-05 0.000744556526957
540.0 0.0 1.35981374603e-05 0.000764421510274
539.0 0.0 1.37726008015e-05 0.000776761469087
538.0 0.0 1.40060530091e-05 0.000791014858746
537.0 0.0 1.42222187043e-05 0.000802618773399
536.0 0.0 1.44327360997e-05 0.000807733548073
535.0 0.0 1.46798720536e-05 0.000819393265538
534.0 0.0 1.49472255473e-05 0.000826371638109
533.0 0.0 1.51817935478e-05 0.00083198036458
532.0 0.0 1.54670208451e-05 0.000844915987294
531.0 0.0 1.57418349204e-05 0.000849849223507
530.0 0.0 1.59555246227e-05 0.000855214955269
529.0 0.0 1.63198900302e-05 0.000868179099746
528.0 0.0 1.67103657926e-05 0.000882394144813
527.0 0.0 1.70753012801e-05 0.000897196076803
526.0 0.0 1.74342860345e-05 0.00090559812575
525.0 0.0 1.78315838868e-05 0.000920086703378
524.0 0.0 1.82601359029e-05 0.00093130571897
523.0 0.0 1.863019816e-05 0.000947890255029
522.0 0.0 1.91574054207e-05 0.000960573573746
521.0 0.0 1.97954714679e-05 0.000977164339049
520.0 0.0 2.02724212549e-05 0.000987351757057
519.0 0.0 2.08925869504e-05 0.000993386892908
518.0 0.0 2.15781265239e-05 0.00100599038817
517.0 0.0 2.23357417197e-05 0.00101456584402
516.0 0.0 2.3157212931e-05 0.00102411359382
515.0 0.0 2.40986074868e-05 0.00103784972833
514.0 0.0 2.51748821338e-05 0.00104416594129
513.0 0.0 2.61729121153e-05 0.00105666846586
512.0 0.0 2.74152149036e-05 0.00107170475223
511.0 0.0 2.94679899463e-05 0.00108261975656
510.0 0.0 3.11858535715e-05 0.00110219311944
509.0 0.0 3.36712455183e-05 0.00112196942979
508.0 0.0 3.5983548105e-05 0.00113476040479
507.0 0.0 3.8932884677e-05 0.00114963807809
506.0 0.0 4.48459730817e-05 0.00115935466756
505.0 0.0 4.98948000271e-05 0.00117431913024
504.0 0.0 5.23146208992e-05 0.00118503513999
503.0 0.0 5.4113928271e-05 0.00119748599198
502.0 0.0 5.55275508764e-05 0.00120806200245
501.0 0.0 5.69600298869e-05 0.0012168561469
500.0 0.0 5.82123617964e-05 0.00122612402089
499.0 0.0 5.92396366382e-05 0.00123681983839
498.0 0.0 6.0292014279e-05 0.00124662424178
497.0 0.0 6.11507471635e-05 0.00125961247801
496.0 0.0 6.18995289318e-05 0.00126941456449
495.0 0.0 6.2533565986e-05 0.00128551936814
494.0 0.0 6.34117382714e-05 0.00129221211209
493.0 0.0 6.41949474548e-05 0.00130883315885
492.0 0.0 6.48581261475e-05 0.00132174203804
491.0 0.0 6.56287073768e-05 0.0013327211194
490.0 0.0 6.64682794609e-05 0.00134799347868
489.0 0.0 6.71755518591e-05 0.00136077469169
488.0 0.0 6.79372740125e-05 0.00137162284153
487.0 0.0 6.85632881305e-05 0.00137971022609
486.0 0.0 6.91241494087e-05 0.00138962408665
485.0 0.0 6.99890283614e-05 0.00140220661249
484.0 0.0 7.04912367332e-05 0.00141431936572
483.0 0.0 7.11357094901e-05 0.00142675994036
482.0 0.0 7.15651777971e-05 0.00143463273312
481.0 0.0 7.22344561846e-05 0.00145573998419
480.0 0.0 7.30083631839e-05 0.00146365418441
479.0 0.0 7.35726860136e-05 0.00147628533089
478.0 0.0 7.42407357696e-05 0.00148696651157
477.0 0.0 7.49714532879e-05 0.00149548055
476.0 0.0 7.55420321555e-05 0.00150797293978
475.0 0.0 7.63804172623e-05 0.00152159629293
474.0 0.0 7.70716501738e-05 0.00153153186447
473.0 0.0 7.77361208765e-05 0.00154139731461
472.0 0.0 7.83085791689e-05 0.0015481754552
471.0 0.0 7.89946778324e-05 0.00156635671348
470.0 0.0 7.97784435932e-05 0.00157484693263
469.0 0.0 8.04765287611e-05 0.00158541655378
468.0 0.0 8.1400060442e-05 0.00159878915784
467.0 0.0 8.24373191515e-05 0.00161320867623
466.0 0.0 8.33427442044e-05 0.00162966813926
465.0 0.0 8.4276872403e-05 0.00163747942486
464.0 0.0 8.50645294187e-05 0.00164887516205
463.0 0.0 8.58304498125e-05 0.00166409373954
462.0 0.0 8.66056698612e-05 0.00167516573913
461.0 0.0 8.74795002194e-05 0.00168657424265
460.0 0.0 8.82249528648e-05 0.00170112812545
459.0 0.0 8.90424981704e-05 0.00171462526671
458.0 0.0 8.99597911676e-05 0.00173003209018
457.0 0.0 9.09077748108e-05 0.0017413578692
456.0 0.0 9.18320773481e-05 0.00175308827329
455.0 0.0 9.29627271416e-05 0.00176850071804
454.0 0.0 9.38882884355e-05 0.00177628975284
453.0 0.0 9.47792153298e-05 0.0017824885236
452.0 0.0 9.56199137691e-05 0.00179176397023
451.0 0.0 9.67070825009e-05 0.00180523548422
450.0 0.0 9.77816839739e-05 0.00181718833498
449.0 0.0 9.91843267927e-05 0.00183205953265
448.0 0.0 0.000100333071134 0.00184489166879
447.0 0.0 0.000101298156158 0.00185812842033
446.0 0.0 0.000102516577208 0.00187278278863
445.0 0.0 0.000103788502233 0.00187941568658
444.0 0.0 0.000105072940528 0.0018950394664
443.0 0.0 0.000106197654618 0.00190742903135
442.0 0.0 0.000107535176737 0.00191962313609
441.0 0.0 0.000108865248652 0.00193241251554
440.0 0.0 0.000110392751435 0.00194354830475
439.0 0.0 0.000111900652003 0.00195803910829
438.0 0.0 0.000113554825973 0.00197409538438
437.0 0.0 0.000114911305575 0.00198747084371
436.0 0.0 0.000116398626003 0.00199906496203
435.0 0.0 0.000117951673457 0.00201252549237
434.0 0.0 0.000119765609539 0.00202327515265
433.0 0.0 0.000121931544388 0.00204082429279
432.0 0.0 0.000123689727081 0.00205329916479
431.0 0.0 0.000125311852051 0.00206548444195
430.0 0.0 0.000127090820464 0.00207663480467
429.0 0.0 0.000129027127744 0.0020856916899
428.0 0.0 0.000130740949673 0.00210434526405
427.0 0.0 0.000132569309363 0.00211554083413
426.0 0.0 0.000134966860484 0.00213303707839
425.0 0.0 0.000136842773068 0.00214374881651
424.0 0.0 0.000138967218247 0.0021569713277
423.0 0.0 0.000141352763848 0.00217082749491
422.0 0.0 0.000144043830933 0.0021836666
421.0 0.0 0.000146742409597 0.00219690072166
420.0 0.0 0.000149318648041 0.0022105514669
419.0 0.0 0.000152150984828 0.00221902299767
418.0 0.0 0.000155382871353 0.00223008387846
417.0 0.0 0.000158850819976 0.00224493664414
416.0 0.0 0.000162432439896 0.00226104026521
415.0 0.0 0.000166060561363 0.00227321129296
414.0 0.0 0.000170047402112 0.00228943331837
413.0 0.0 0.000174264572484 0.00230431474267
412.0 0.0 0.000178885358144 0.00232073548347
411.0 0.0 0.000182319623082 0.00233261638803
410.0 0.0 0.000186565292523 0.00234287015667
409.0 0.0 0.000192135818938 0.00235810576839
408.0 0.0 0.000197088388711 0.00237119894801
407.0 0.0 0.00020288836766 0.00238736385452
406.0 0.0 0.000208488529205 0.00240747545474
405.0 0.0 0.000213445234902 0.00242259402599
404.0 0.0 0.000217506510218 0.00243305152476
403.0 0.0 0.000223183513123 0.00244351315392
402.0 0.0 0.000228209222269 0.00245753926842
401.0 0.0 0.000232864813035 0.00247316188898
400.0 0.0 0.000236493487126 0.00248830215083
399.0 0.0 0.000240542975817 0.00250262803636
398.0 0.0 0.000244394306603 0.00251521534546
397.0 0.0 0.00024808462716 0.00253152082267
396.0 0.0 0.0002518099157 0.00254745861225
395.0 0.0 0.000255230712128 0.00256550836265
394.0 0.0 0.000258543152965 0.00257686148179
393.0 0.0 0.000261707783123 0.00259257395242
392.0 0.0 0.000264399161667 0.00261458323554
391.0 0.0 0.000267407502011 0.00262995141807
390.0 0.0 0.000270735275078 0.00264894838485
389.0 0.0 0.000274245222205 0.00266406970252
388.0 0.0 0.000277508295897 0.00268104107709
387.0 0.0 0.000280700778454 0.00269585754744
386.0 0.0 0.000284142050645 0.00271083853463
385.0 0.0 0.00028732515726 0.00273125230123
384.0 0.0 0.000290347866123 0.0027446268557
383.0 0.0 0.00029341622535 0.0027624031908
382.0 0.0 0.000296317347065 0.00278200207012
381.0 0.0 0.000299414618542 0.00279904560652
380.0 0.0 0.000302432221301 0.00281465289081
379.0 0.0 0.000305236584448 0.00283210104282
378.0 0.0 0.000308072075023 0.00284766596504
377.0 0.0 0.000311327194634 0.00286555618373
376.0 0.0 0.000314960634208 0.00288197573585
375.0 0.0 0.000318256104673 0.0028980040231
374.0 0.0 0.000320967443552 0.00291046770632
373.0 0.0 0.000323992790928 0.00292851125263
372.0 0.0 0.000327157728054 0.00293994024039
371.0 0.0 0.000329850234318 0.00295912520282
370.0 0.0 0.000332990168619 0.00298370499623
369.0 0.0 0.000336213457964 0.00300500647127
368.0 0.0 0.000339159024353 0.00302279569434
367.0 0.0 0.00034216658264 0.0030390804614
366.0 0.0 0.000345011230542 0.00305678640115
365.0 0.0 0.000347919554988 0.00307170370771
364.0 0.0 0.000350964920078 0.00309570286554
363.0 0.0 0.000353943516054 0.00311948695816
362.0 0.0 0.000356823225822 0.00314203470557
361.0 0.0 0.000359730327089 0.0031675024127
360.0 0.0 0.000362384722287 0.00318250518478
359.0 0.0 0.000365697712612 0.00319511674053
358.0 0.0 0.000368845203726 0.00321483915526
357.0 0.0 0.000372426275966 0.00324259976942
356.0 0.0 0.000374997497414 0.00326021920677
355.0 0.0 0.000378767743187 0.00328039599597
354.0 0.0 0.000381905007664 0.00330000633766
353.0 0.0 0.000385024964707 0.00332286285849
352.0 0.0 0.000388430123252 0.00334285241789
351.0 0.0 0.000391900559125 0.00336976050263
350.0 0.0 0.000394826388086 0.00339248894579
349.0 0.0 0.000397862801369 0.00340774347548
348.0 0.0 0.000400813877816 0.00342987810889
347.0 0.0 0.000404597896284 0.00346312832879
346.0 0.0 0.000408135232522 0.00348816178426
345.0 0.0 0.000411362204216 0.00351523439865
344.0 0.0 0.000414544982115 0.00353818061679
343.0 0.0 0.000417495813624 0.00357512436202
342.0 0.0 0.000420747640006 0.00360238267383
341.0 0.0 0.000424636785526 0.00362332296853
340.0 0.0 0.000427898774998 0.00364325060114
339.0 0.0 0.000431351537838 0.00366611572997
338.0 0.0 0.000435458716781 0.00370755192279
337.0 0.0 0.000438572329796 0.00373403739656
336.0 0.0 0.00044190697558 0.00376375275137
335.0 0.0 0.000445601661668 0.00378958429241
334.0 0.0 0.000449048490775 0.00381159708591
333.0 0.0 0.000452614946731 0.00384986605075
332.0 0.0 0.000456156857824 0.00387767275302
331.0 0.0 0.000459784432454 0.00390587812658
330.0 0.0 0.000463289790583 0.00392557413628
329.0 0.0 0.000467013382194 0.00395917454407
328.0 0.0 0.00047112492546 0.00398966308694
327.0 0.0 0.000474057217691 0.0040136558573
326.0 0.0 0.000478230448042 0.00405658374703
325.0 0.0 0.000481382122497 0.00407963024306
324.0 0.0 0.000484846023991 0.00410653140794
323.0 0.0 0.000488925176524 0.00414729152638
322.0 0.0 0.000493365206261 0.00418710906752
321.0 0.0 0.000497706754652 0.00422004998078
320.0 0.0 0.000501590467081 0.00424941711981
319.0 0.0 0.000505205656427 0.00428446301182
318.0 0.0 0.000509880212097 0.00432080360533
317.0 0.0 0.000513714588846 0.00435652562095
316.0 0.0 0.000517118048298 0.00440052669738
315.0 0.0 0.000521320834676 0.00443609300489
314.0 0.0 0.000525790218659 0.00448269389674
313.0 0.0 0.000530187354547 0.00452351165138
312.0 0.0 0.000533823827997 0.00455446456535
311.0 0.0 0.000538247273195 0.00459446532865
310.0 0.0 0.000543566881249 0.00465707005799
309.0 0.0 0.000548090436504 0.00470340564913
308.0 0.0 0.000552706478215 0.0047539123082
307.0 0.0 0.000557386568186 0.00480351588087
306.0 0.0 0.000562683884402 0.00486828742993
305.0 0.0 0.000566481668129 0.00490442211409
304.0 0.0 0.000571417807785 0.00495980865306
303.0 0.0 0.000576225399009 0.00501877226237
302.0 0.0 0.000581126365078 0.00508376243733
301.0 0.0 0.000586029500385 0.00515304659284
300.0 0.0 0.000591050886836 0.00522428874055
299.0 0.0 0.000596294578184 0.0052729149516
298.0 0.0 0.000601155130464 0.00534206515479
297.0 0.0 0.000606192141504 0.0054185411482
296.0 0.0 0.000612415593568 0.00548290700102
295.0 0.0 0.00061818859005 0.00555786845285
294.0 0.0 0.000623476898336 0.00561608485854
293.0 0.0 0.00062899591007 0.0056801944989
292.0 0.0 0.000635347253028 0.00576321769178
291.0 0.0 0.000641468864431 0.00585591297119
290.0 0.0 0.000646856542692 0.0059359193146
289.0 0.0 0.000653064501565 0.00604799715992
288.0 0.0 0.000659963044092 0.00612416549815
287.0 0.0 0.000666184549467 0.00622091214302
286.0 0.0 0.000671877741869 0.00634422448028
285.0 0.0 0.000677452806946 0.00643391203327
284.0 0.0 0.000684144824112 0.00656318478637
283.0 0.0 0.000690207248865 0.00665944476409
282.0 0.0 0.000698185967777 0.00678044591835
281.0 0.0 0.000704967389331 0.00690793500154
280.0 0.0 0.000712101715241 0.00703134610303
279.0 0.0 0.000719128295034 0.00714639016511
278.0 0.0 0.000727461606324 0.00730398983501
277.0 0.0 0.000735447450603 0.00745240678843
276.0 0.0 0.00074383181095 0.00760324751686
275.0 0.0 0.000751300413497 0.00774015257895
274.0 0.0 0.000758746714398 0.00790158385993
273.0 0.0 0.000766170841401 0.0080688408992
272.0 0.0 0.000774218144931 0.00822011918346
271.0 0.0 0.000783760029338 0.00837791461784
270.0 0.0 0.000792786790567 0.0085366395446
269.0 0.0 0.000803543470599 0.00874445295829
268.0 0.0 0.000813553086182 0.0089496819688
267.0 0.0 0.000823952782658 0.00914885471115
266.0 0.0 0.00083358882581 0.00935361023298
265.0 0.0 0.000844665078705 0.00958198066
264.0 0.0 0.000857990924606 0.00980526057886
263.0 0.0 0.00087050894223 0.0100890923626
262.0 0.0 0.000885107916789 0.010326614271
261.0 0.0 0.000897478924739 0.0105504290533
260.0 0.0 0.00091040989058 0.010794908391
259.0 0.0 0.000924577195124 0.0110699708835
258.0 0.0 0.000937821559281 0.0113089882183
257.0 0.0 0.000953006515575 0.0115946483239
256.0 0.0 0.000969152483373 0.0118583166957
255.0 0.0 0.000987360207337 0.0122133521232
254.0 0.0 0.0010043922161 0.0125355060976
253.0 0.0 0.00102211929724 0.012831446007
252.0 0.0 0.00104310205857 0.0131284262475
251.0 0.0 0.001062386211 0.0134446440194
250.0 0.0 0.00108258528368 0.0138089460893
249.0 0.0 0.00110393499725 0.0141484441019
248.0 0.0 0.00112926170863 0.0145272575524
247.0 0.0 0.00115143348271 0.0148554098734
246.0 0.0 0.00117563721711 0.0152754709689
245.0 3.48512929837e-06 0.00120273659096 0.0156343644
244.0 3.73557933893e-06 0.00123142569051 0.0160345307326
243.0 4.01869959181e-06 0.00126202963547 0.0165010774745
242.0 4.24677534868e-06 0.00129182711061 0.0169708902724
241.0 4.531245364e-06 0.00132367391408 0.0174129707816
240.0 4.75782950247e-06 0.00135499801967 0.0179143042106
239.0 5.06104076581e-06 0.00139242721163 0.0183719212309
238.0 5.33852269224e-06 0.00143143752275 0.0189026962553
237.0 5.71880744774e-06 0.00147314283833 0.0194943631695
236.0 6.00302688301e-06 0.00151384344951 0.0199844110865
235.0 6.46214056773e-06 0.00155832586047 0.0205933760877
234.0 6.98639620956e-06 0.00160225841435 0.0211877914983
233.0 7.57145202506e-06 0.00165327106966 0.0218296687132
232.0 8.25872516496e-06 0.00170798090834 0.0225274236127
231.0 8.91172687736e-06 0.00176492234831 0.0231420137561
230.0 9.78499325739e-06 0.0018277695877 0.0238028237795
229.0 1.10696818557e-05 0.00188720277912 0.02459617455
228.0 1.2503906328e-05 0.00195833962316 0.0254395002672
227.0 1.52537496191e-05 0.00203237346861 0.0261208138955
226.0 1.87050921852e-05 0.00210993310536 0.0270240051419
225.0 2.26099754792e-05 0.00219631006291 0.0279159959496
224.0 2.73966443105e-05 0.00228582823859 0.028837443715
223.0 3.32182701042e-05 0.0023837921225 0.0296579797004
222.0 3.90417288909e-05 0.00248205293299 0.03073514073
221.0 4.43834183643e-05 0.00260286244838 0.031803474484
220.0 5.12446231449e-05 0.0027216299829 0.032999165591
219.0 5.54467442767e-05 0.00285513382246 0.0343704247636
218.0 6.04859034621e-05 0.0029962482722 0.0357017819385
217.0 6.69192758778e-05 0.00315897201773 0.0371258161885
216.0 7.4230929455e-05 0.00331564789139 0.0384000981007
215.0 7.99418381909e-05 0.00348787471944 0.0401596169641
214.0 8.67371181627e-05 0.00367060705898 0.0416981084992
213.0 9.578495242e-05 0.00387915636959 0.0434749374419
212.0 0.000107378188592 0.00410046959993 0.0453658880386
211.0 0.000121871435571 0.00436334362131 0.0475539634687
210.0 0.000135829334482 0.00464231186812 0.0499685564714
209.0 0.000155583618073 0.00494326849712 0.0526866127912
208.0 0.000188091648674 0.00528077215607 0.055288625031
207.0 0.000212547094703 0.00564035688486 0.0580814927395
206.0 0.000231540527192 0.00600933426162 0.0613128210123
205.0 0.000243912260625 0.00641369445186 0.0652193259459
204.0 0.000254664735066 0.00687913429807 0.0689146578095
203.0 0.000267181371988 0.00735054993461 0.072895053364
202.0 0.000278770192259 0.00788851415573 0.0776944723709
201.0 0.000292719138137 0.00846011384446 0.0828289916646
200.0 0.000307327266772 0.00908512422716 0.0880364841621
199.0 0.000321858506311 0.00977620224842 0.0937259698847
198.0 0.00033527582987 0.0104792142521 0.100167610422
197.0 0.00035256872835 0.0112159405361 0.106734757884
196.0 0.000367474418916 0.0120736436479 0.114405936933
195.0 0.000387983462484 0.0129585281313 0.122986573051
194.0 0.000408812903021 0.0139340644787 0.130411144581
193.0 0.00042989266081 0.0149308521678 0.138316388006
192.0 0.000450891194609 0.0160345030821 0.148016856008
191.0 0.000478387217756 0.0172678887247 0.158671171573
190.0 0.000507620661381 0.0185607678466 0.170912244364
189.0 0.000539987488021 0.0199004775225 0.182836740032
188.0 0.000582350626435 0.0213606172664 0.193935825455
187.0 0.00063023046723 0.0229493960069 0.208114367955
186.0 0.00068116722746 0.0246611135526 0.222284248213
185.0 0.000731018332408 0.0263099147297 0.236528296481
184.0 0.000802471948673 0.0283473704804 0.249326773134
183.0 0.000889820334134 0.030448191714 0.268859275049
182.0 0.00097549278571 0.0327099153378 0.286045497767
181.0 0.0010784786371 0.0349724096034 0.304696091382
180.0 0.00119145002018 0.0374569817035 0.325095208993
179.0 0.00130616526534 0.0400515503513 0.348278878014
178.0 0.00141486550386 0.0427072806094 0.373292231991
177.0 0.00152420657043 0.0456121997875 0.401727616265
176.0 0.00162840336174 0.0485890729509 0.438172767376
175.0 0.00172409776197 0.0514012115794 0.470010455827
174.0 0.001809868754 0.054163994638 0.495649556467
173.0 0.00192733745617 0.0570804734766 0.528433235183
172.0 0.00201922093878 0.0598639868933 0.575100327683
171.0 0.00211990963941 0.0630522877909 0.623249926203
170.0 0.00215051945171 0.0661750646398 0.672343703393
169.0 0.00220948311241 0.0691711225417 0.717823191769
168.0 0.00228310485843 0.0722945572207 0.771580064525
167.0 0.00230315639075 0.0754000695607 0.835393354898
166.0 0.00233218508355 0.0778740960358 0.892943826119
165.0 0.00231979897288 0.0811578178669 0.98073743069
164.0 0.00235588741712 0.084018410403 1.02067365395
163.0 0.00236747967268 0.0870382020146 1.10838564413
162.0 0.00237137937582 0.0902107121215 1.19188932991
161.0 0.00237042290591 0.0935526668252 1.24748966245
160.0 0.00237922039281 0.0958253267311 1.31886961295
159.0 0.00239289755864 0.0982604882261 1.37258593679
158.0 0.00235990844014 0.100115362431 1.4611955871
157.0 0.00237203796071 0.102597230022 1.527762994
156.0 0.00237145680049 0.104129048236 1.56570135595
155.0 0.00238746757576 0.106023216782 1.60653525207
154.0 0.00235630004338 0.107644072178 1.65523643286
153.0 0.00236375267267 0.108885954049 1.68743819943
152.0 0.00234246455164 0.109916304133 1.7433173613
151.0 0.00232510360741 0.109013316086 1.7155085717
150.0 0.00230059762591 0.108988437223 1.7337327946
149.0 0.0022928029912 0.109307173839 1.73806021408
148.0 0.00230074458143 0.109371618586 1.77741370397
147.0 0.00231816903905 0.10879189206 1.77585428927
146.0 0.00232325040417 0.108643004971 1.74439493808
145.0 0.00235107958837 0.107839158173 1.68503935784
144.0 0.00234925874792 0.10767545172 1.69275948094
143.0 0.00234222407401 0.107024137388 1.6242871626
142.0 0.00231817359999 0.106023049213 1.57026093171
141.0 0.00230888802132 0.105427699113 1.51012574821
140.0 0.00230755075564 0.104863188687 1.45743935631
139.0 0.00231394005642 0.103952442662 1.41646337204
138.0 0.00231397832821 0.103343982677 1.31877654641
137.0 0.00231657807288 0.10303894024 1.27333902149
136.0 0.00230985948044 0.102515865938 1.19239045155
135.0 0.00231685611105 0.102418385199 1.1331527778
134.0 0.00232838949907 0.102032572605 1.076042546
133.0 0.00233232238991 0.102074070905 1.02711063641
132.0 0.00234154966791 0.102305383691 0.948117123469
131.0 0.00236061227449 0.103104963673 0.913159466345
130.0 0.00238718089756 0.104158604868 0.873503054501
129.0 0.00242733530069 0.105284421407 0.8360671681
128.0 0.0024615379121 0.106285279684 0.800917816992
127.0 0.00251189316507 0.108162878858 0.765382934064
126.0 0.00257241967929 0.110540659402 0.742222531309
125.0 0.00264088156531 0.113527911766 0.724344660259
124.0 0.00271207069135 0.117085373793 0.707265469015
123.0 0.00279196648434 0.121469616149 0.704781790592
122.0 0.00289428043681 0.125441165413 0.705065389433
121.0 0.00306410134199 0.131213758627 0.711236690023
120.0 0.00328089298797 0.136783879696 0.705473927211
119.0 0.00351249092064 0.142774535544 0.71708125035
118.0 0.00393629288731 0.148756800769 0.719830391073
117.0 0.0043998545314 0.154920141034 0.734785952524
116.0 0.00516047743074 0.161368822483 0.750543688836
115.0 0.00648455018615 0.168049332955 0.777586190484
114.0 0.00854647653269 0.174418454142 0.795590838392
113.0 0.0100706790659 0.179807877376 0.815138403729
112.0 0.0112041027696 0.185198437419 0.837296840471
111.0 0.0119381507008 0.19043677793 0.854592976826
110.0 0.0122802402098 0.195238504839 0.869678680168
109.0 0.012334183863 0.199052306955 0.887319604221
108.0 0.0121830004677 0.202844880145 0.913942941229
107.0 0.0115686466189 0.205952678772 0.928937661264
106.0 0.0105365103725 0.208789305592 0.944418335082
105.0 0.00870855152918 0.210833774739 0.958739238858
104.0 0.00569722785328 0.212146004854 0.977397569107
103.0 0.00287671741667 0.213477641138 0.990401501477
102.0 0.00149610921437 0.212560301334 0.994931347165
101.0 0.000950229240255 0.210251154493 0.997676599844
100.0 0.000663237521471 0.207219122374 0.999148131836
99.0 0.000482025375355 0.201126377555 0.985722219458
98.0 0.000373513402944 0.192835947797 0.963703710811
97.0 0.000300060981935 0.182205240124 0.93502589121
96.0 0.000252117054191 0.167456038784 0.908270589567
95.0 0.000218014327558 0.148487423515 0.886452625773
94.0 0.000193372509539 0.114622425017 0.837843938927
93.0 0.00017627953448 0.0589028297599 0.793650162337
92.0 0.000162144750805 0.0356463038838 0.760155967239
91.0 0.000150817341517 0.0261985161167 0.71406153293
90.0 0.000141266138101 0.0206008291342 0.675091207405
89.0 0.0 0.0166672079477 0.624100201024
88.0 0.0 0.0135568038711 0.581390419553
87.0 0.0 0.0108464871166 0.530708679524
86.0 0.0 0.0080339691673 0.481063916997
85.0 0.0 0.00217699373712 0.435768849464
84.0 0.0 0.00121104396567 0.395913808632
83.0 0.0 0.000891904649634 0.353537742641
82.0 0.0 0.000727315336481 0.312563846185
81.0 0.0 0.00062380477575 0.27607474462
80.0 0.0 0.000551980753379 0.242150029064
79.0 0.0 0.000495655808318 0.21054414327
78.0 0.0 0.000449437222842 0.177761431077
77.0 0.0 0.000414631390144 0.144315531493
76.0 0.0 0.000384853400126 0.0732416041484
75.0 0.0 0.000360619074924 0.0448616321986
74.0 0.0 0.000337786421859 0.0337746863477
73.0 0.0 0.000316579416022 0.0281718350293
72.0 0.0 0.000298913603071 0.0245817558569
71.0 0.0 0.000283656192332 0.021994197225
70.0 0.0 0.000270238287657 0.0199428643857
69.0 0.0 0.000256820233013 0.0182783730901
68.0 0.0 0.000245847962956 0.0170260007416
67.0 0.0 0.000235516563086 0.0159018593872
66.0 0.0 0.000225710522555 0.0149322979377
65.0 0.0 0.000216521610727 0.0140836628034
64.0 0.0 0.000208452686748 0.0133993111405
63.0 0.0 0.000199992056337 0.0126537549712
62.0 0.0 0.000191843486526 0.0119181559748
61.0 0.0 0.000183911462938 0.0112618698415
60.0 0.0 0.00017558461373 0.0106325120136
59.0 0.0 0.000166863470075 0.0100949620634
58.0 0.0 0.000157372665946 0.00949528686499
57.0 0.0 0.000146543203574 0.00895538376775
56.0 0.0 0.0 0.00836049164147
55.0 0.0 0.0 0.00787092684722
54.0 0.0 0.0 0.0073458932584
53.0 0.0 0.0 0.00681982724682
52.0 0.0 0.0 0.00610121794142
51.0 0.0 0.0 0.00449462490748
50.0 0.0 0.0 0.00114191815908
49.0 0.0 0.0 0.000845652118841
48.0 0.0 0.0 0.000687587899741
47.0 0.0 0.0 0.000595050701053
46.0 0.0 0.0 0.000536304005338
45.0 0.0 0.0 0.000487609392604
44.0 0.0 0.0 0.000453677717717
43.0 0.0 0.0 0.000425995296251
42.0 0.0 0.0 0.000402054663068
41.0 0.0 0.0 0.000379510535068
40.0 0.0 0.0 0.00036050177091
39.0 0.0 0.0 0.000343374474139
38.0 0.0 0.0 0.000328412509263
37.0 0.0 0.0 0.000316028746484
36.0 0.0 0.0 0.000305421201925
35.0 0.0 0.0 0.000294920803701
34.0 0.0 0.0 0.000285046578001
33.0 0.0 0.0 0.00027576734085
32.0 0.0 0.0 0.000266899469158
31.0 0.0 0.0 0.000259347465489
30.0 0.0 0.0 0.000250890506032
29.0 0.0 0.0 0.000243531368027
28.0 0.0 0.0 0.000236263324369
27.0 0.0 0.0 0.000230938333833
26.0 0.0 0.0 0.000224984873764
25.0 0.0 0.0 0.000219461682447
24.0 0.0 0.0 0.000214331602418
23.0 0.0 0.0 0.000209156636969
22.0 0.0 0.0 0.000203587294442
21.0 0.0 0.0 0.000198266255484
20.0 0.0 0.0 0.000193220202119
19.0 0.0 0.0 0.000188954633491
18.0 0.0 0.0 0.000184314329248
17.0 0.0 0.0 0.00017931277785
16.0 0.0 0.0 0.000174647754686
15.0 0.0 0.0 0.000170052825268
14.0 0.0 0.0 0.000165395838517
13.0 0.0 0.0 0.000160314953556
12.0 0.0 0.0 0.000154790641956
11.0 0.0 0.0 0.00014974037323
10.0 0.0 0.0 0.000142682343033
9.0 0.0 0.0 0.0
8.0 0.0 0.0 0.0
7.0 0.0 0.0 0.0
6.0 0.0 0.0 0.0
5.0 0.0 0.0 0.0
4.0 0.0 0.0 0.0
3.0 0.0 0.0 0.0
2.0 0.0 0.0 0.0
1.0 0.0 0.0 0.0
0.0 0.0 0.0 0.0
