agebin 5th Median 95th
1000.0 0.00249867137845 0.00300770357299 0.00644669247023
999.0 0.00250179696268 0.00301223352576 0.00646690327647
998.0 0.00250493037629 0.00301677714439 0.00648788152763
997.0 0.00250806817611 0.00302124087079 0.00650899632616
996.0 0.00251106174424 0.00302578268955 0.00652856804984
995.0 0.00251414214127 0.00303029579898 0.00654917939811
994.0 0.00251721376004 0.00303488513743 0.00656955554761
993.0 0.00252036781008 0.00303944037955 0.00659052252579
992.0 0.00252349250508 0.00304401551564 0.00661184566478
991.0 0.00252662835266 0.00304848002087 0.00663355018018
990.0 0.0025297332044 0.00305292341354 0.00665391679531
989.0 0.00253277748924 0.00305747375175 0.00667379867909
988.0 0.00253583079266 0.00306182646743 0.00669282570547
987.0 0.00253893265261 0.00306609423644 0.00671371748014
986.0 0.00254197172172 0.00307048622232 0.00673165476316
985.0 0.00254496231767 0.00307488123569 0.00674982143654
984.0 0.00254801927441 0.0030794638212 0.00676803077888
983.0 0.00255117275156 0.00308386155222 0.00678786494231
982.0 0.00255417394405 0.00308832945105 0.00680754616626
981.0 0.00255701993747 0.00309278030718 0.00682699095877
980.0 0.00256013921031 0.00309691994272 0.00684798432989
979.0 0.00256306892753 0.00310115351523 0.00686517293694
978.0 0.00256599744458 0.00310565569346 0.00688596311698
977.0 0.00256900666865 0.00311011594933 0.00690503672319
976.0 0.00257193444223 0.00311449639673 0.00692327163339
975.0 0.00257490194872 0.00311885867834 0.00694417655394
974.0 0.00257784388471 0.00312324777327 0.00696287147701
973.0 0.00258077121355 0.00312764277452 0.00698245518714
972.0 0.00258378792305 0.0031319478535 0.00700502336136
971.0 0.00258691395074 0.00313626440097 0.00702619594152
970.0 0.00259001366579 0.00314055746757 0.00704450458152
969.0 0.00259298968912 0.00314477603283 0.00706625951296
968.0 0.0025958079451 0.00314896926588 0.00708631812589
967.0 0.00259874286194 0.00315342353084 0.00710696074289
966.0 0.00260176426323 0.00315725158735 0.00712589314702
965.0 0.00260474384578 0.00316167034383 0.00714326525724
964.0 0.00260751100447 0.00316577883411 0.00715607288543
963.0 0.00261041915418 0.00316998632504 0.00717233382717
962.0 0.00261330437249 0.00317445828167 0.00719108453411
961.0 0.00261630056444 0.00317883783708 0.00720825858325
960.0 0.0026191760247 0.00318311591647 0.00722397519113
959.0 0.00262204952469 0.00318734645562 0.00723977273849
958.0 0.00262497666687 0.00319144831648 0.00725828948678
957.0 0.0026279824077 0.00319576416486 0.00727296486551
956.0 0.00263087018101 0.00320004689677 0.00728498962453
955.0 0.00263354660546 0.00320410834529 0.00729500759814
954.0 0.00263638052455 0.00320823287842 0.00731113993694
953.0 0.00263912135092 0.00321216375396 0.0073317317048
952.0 0.00264182838958 0.00321654126995 0.00734786868144
951.0 0.00264434394743 0.00322041001842 0.00736935685447
950.0 0.00264708123031 0.00322456643967 0.00739004942493
949.0 0.00264992144051 0.00322878636157 0.00740863089886
948.0 0.0026525694545 0.00323313658276 0.00742484469713
947.0 0.00265511984225 0.00323722995333 0.00744413242483
946.0 0.00265791589313 0.00324150713064 0.00745726135184
945.0 0.00266079386822 0.00324609096768 0.00747622828454
944.0 0.00266341183996 0.00325000786147 0.00749517164906
943.0 0.00266593715128 0.00325431461796 0.00751032078071
942.0 0.0026686157831 0.00325877119723 0.00751950315863
941.0 0.0026713202581 0.00326286130592 0.00753536540156
940.0 0.00267389830093 0.00326673407344 0.00755010366026
939.0 0.00267661598443 0.00327060195038 0.00756861545489
938.0 0.00267922294352 0.00327426370622 0.00758354307962
937.0 0.00268161497486 0.00327823341686 0.00760085328597
936.0 0.00268418103565 0.00328250843096 0.00762056030652
935.0 0.00268668278561 0.00328688344518 0.00763666011907
934.0 0.00268890947471 0.00329094014358 0.00765501858962
933.0 0.00269174001425 0.00329529488416 0.00767413674808
932.0 0.00269432453581 0.00329969582053 0.00769128807477
931.0 0.00269667912623 0.00330360118117 0.00771284967281
930.0 0.00269911214977 0.00330779964249 0.00772965446995
929.0 0.00270128353671 0.00331139026954 0.0077465105895
928.0 0.00270385749496 0.00331569630015 0.00776208752574
927.0 0.00270611775506 0.00331988501431 0.00778102437366
926.0 0.00270825314508 0.00332409239278 0.00779004724744
925.0 0.00271015343987 0.00332819596158 0.00780746423963
924.0 0.00271233511742 0.00333225636001 0.00781755569294
923.0 0.00271450037267 0.00333632665486 0.00782747248235
922.0 0.0027162648252 0.00334044500355 0.00784163864782
921.0 0.00271826790897 0.00334463122133 0.00786006798303
920.0 0.0027205132077 0.00334863478344 0.00787268351406
919.0 0.0027226465711 0.00335283261217 0.00788520975036
918.0 0.00272477124364 0.00335675646997 0.00789789777417
917.0 0.00272636201793 0.00336047141885 0.0079077495968
916.0 0.00272819855464 0.00336427458409 0.00792156148247
915.0 0.00272995259509 0.00336833533082 0.00794071939417
914.0 0.00273173449354 0.00337264547839 0.00795054565317
913.0 0.00273297459823 0.00337647123314 0.0079660030948
912.0 0.00273438371842 0.0033806631978 0.00797921450521
911.0 0.00273531597738 0.00338396903387 0.00799061162065
910.0 0.00273632346607 0.00338792885988 0.00800040239169
909.0 0.00273696482395 0.00339184386533 0.00801266168272
908.0 0.00273772551867 0.00339573814968 0.0080202483709
907.0 0.00273854231654 0.00339954531964 0.00803434738139
906.0 0.00273933988169 0.00340331144973 0.0080534399493
905.0 0.0027399799543 0.0034073326249 0.00806190405341
904.0 0.00274000409559 0.00341081014367 0.00807307775476
903.0 0.00273985800309 0.0034147937 0.00808677326801
902.0 0.00273978017459 0.00341876809546 0.0080958904048
901.0 0.00273851429746 0.003422845998 0.00810915794373
900.0 0.00273735598869 0.00342631913588 0.00811793008369
899.0 0.00273673190532 0.00343003314848 0.0081276250474
898.0 0.00273575777325 0.00343349628184 0.00814509308909
897.0 0.00273386709548 0.00343724488936 0.0081527486053
896.0 0.00273273130608 0.00344134235179 0.00815976985738
895.0 0.00273094850465 0.003445130065 0.00816997394041
894.0 0.00272896489012 0.00344875213526 0.00817679287573
893.0 0.00272746084975 0.00345281751795 0.00818537785313
892.0 0.00272584922811 0.0034570012284 0.00819524287164
891.0 0.00272429219415 0.00346046788423 0.0082091167105
890.0 0.00272227510981 0.00346450042537 0.00822878517764
889.0 0.00271969644415 0.00346826892571 0.00822911458598
888.0 0.00271761863562 0.00347205057534 0.00823998108443
887.0 0.00271541954811 0.00347625665735 0.00825332743743
886.0 0.0027131720924 0.00348054150308 0.0082581566739
885.0 0.00271048397071 0.00348458687149 0.00826599516428
884.0 0.00270838096853 0.00348859811163 0.00826831374608
883.0 0.00270611775506 0.00349296542294 0.00827969659047
882.0 0.00270371627987 0.00349684239604 0.0082897927791
881.0 0.0027017039063 0.0035006039226 0.00830169543844
880.0 0.00269994629158 0.00350446307448 0.00830757427184
879.0 0.0026977848659 0.00350813728632 0.00831173821605
878.0 0.00269571179081 0.00351254337186 0.00832206739891
877.0 0.00269351188907 0.00351634949849 0.00833352605061
876.0 0.00269116870362 0.00351985821021 0.00834166247417
875.0 0.00268622810846 0.0035235506799 0.00836035210774
874.0 0.00268440958368 0.00352789023079 0.00836887151013
873.0 0.002681310663 0.00353148737558 0.0083818118171
872.0 0.00267975524072 0.00353563227155 0.00839180977833
871.0 0.00267671891499 0.00353869847938 0.00840259875074
870.0 0.00267439429487 0.00354191419029 0.00840637944756
869.0 0.00267209368079 0.0035455558078 0.00841245075595
868.0 0.00266897645368 0.00354911671707 0.00842089881763
867.0 0.00266584017222 0.00355293569832 0.0084329349894
866.0 0.00266358373835 0.00355656228637 0.0084369410789
865.0 0.00266072906012 0.00356037652583 0.00843997680279
864.0 0.00265671530341 0.00356374650177 0.0084483878587
863.0 0.00265442712762 0.00356803310888 0.00845316595877
862.0 0.00265089870205 0.00357142242312 0.00846316078117
861.0 0.00264798150886 0.00357531204365 0.00846697966903
860.0 0.00264505832355 0.00357861304305 0.00847245891134
859.0 0.00264286987068 0.00358264820425 0.00848169193701
858.0 0.00263972541531 0.00358587524619 0.00849399447998
857.0 0.00263632073064 0.00358991862442 0.00850080795128
856.0 0.00263291525909 0.00359348453681 0.0084976515019
855.0 0.00262958584277 0.00359763118183 0.00851088383392
854.0 0.00262611612716 0.00360116125211 0.00851695331057
853.0 0.00262359531428 0.00360453026427 0.00852019323345
852.0 0.00261939167482 0.00360819876443 0.00852814143039
851.0 0.00261572680785 0.00361160674631 0.00853872601831
850.0 0.00261120261587 0.00361520789828 0.00854786654467
849.0 0.0026069226036 0.00361876384621 0.00855826872786
848.0 0.00260292209819 0.00362246470616 0.00857078612037
847.0 0.00259845993484 0.00362596747341 0.00857350454729
846.0 0.00259408344418 0.00363007376595 0.00858434455037
845.0 0.00259047281501 0.00363331331968 0.00859414469875
844.0 0.00258625754262 0.00363700531841 0.00860446753542
843.0 0.00258115116215 0.00364077945662 0.00860131732579
842.0 0.00257719723436 0.00364455029269 0.00861216431639
841.0 0.00257268172833 0.00364842357308 0.00861388703911
840.0 0.00256916607429 0.00365205653315 0.00861414074394
839.0 0.00256378497261 0.0036555725609 0.00862464960242
838.0 0.00256063523104 0.00365924674859 0.00862817350859
837.0 0.00255506922819 0.00366239574642 0.00863423431027
836.0 0.00254973054045 0.00366637206532 0.00863702735087
835.0 0.00254338683703 0.00367010146616 0.0086422476111
834.0 0.00253719149442 0.0036737401357 0.00864859482368
833.0 0.00252848922186 0.0036774201027 0.00865534929998
832.0 0.0025215658349 0.00368121027657 0.00866968993358
831.0 0.00251420708037 0.00368517921486 0.00867183826924
830.0 0.00250451279007 0.00368869256072 0.00867436666855
829.0 0.00249347908539 0.00369270899888 0.00868303599627
828.0 0.00248718081015 0.00369620701521 0.00868634719098
827.0 0.00247932511423 0.00369994006055 0.00868305284322
826.0 0.00247398157602 0.00370334440715 0.00869175345727
825.0 0.00246366800447 0.00370654541696 0.00870285694144
824.0 0.00245341739835 0.00371051970909 0.00871213309734
823.0 0.00243396586439 0.00371382481236 0.00871263847294
822.0 0.00242306426739 0.00371779387476 0.00872581025002
821.0 0.00240616032385 0.00372135122124 0.00872522726141
820.0 0.00238980605063 0.00372558353027 0.00872680945047
819.0 0.00237996167412 0.00372924173919 0.00873141617687
818.0 0.00236726280845 0.00373346984639 0.00874497611279
817.0 0.00235607191732 0.00373751341198 0.00875285622672
816.0 0.00234337846191 0.003741504779 0.00876518240648
815.0 0.00233069263604 0.00374540555742 0.00877291303516
814.0 0.00231424838988 0.00374917245528 0.00878097126698
813.0 0.00230342917936 0.0037529596146 0.00878718383676
812.0 0.0022912180617 0.00375677114908 0.00879643458867
811.0 0.00227751849023 0.00376031795461 0.00880222471672
810.0 0.00226308403038 0.00376393067219 0.0088102251889
809.0 0.00225013841424 0.00376776662992 0.0088101164862
808.0 0.00223457498721 0.00377145509695 0.00881442032986
807.0 0.00222589005362 0.00377452543243 0.00881822537729
806.0 0.00221580884147 0.00377812477707 0.00882408544314
805.0 0.00220848282612 0.00378189778374 0.00882230772248
804.0 0.00220129367043 0.0037859479372 0.0088259684977
803.0 0.0021916095281 0.00378933778184 0.00882834271306
802.0 0.00218483123602 0.0037933363306 0.00883306509207
801.0 0.00217624134338 0.00379734846642 0.00883618934517
800.0 0.00216808554678 0.00380131470114 0.00883897894477
799.0 0.00215628248882 0.00380492560387 0.0088439893928
798.0 0.0021477115027 0.00380882645362 0.00884687196776
797.0 0.00213915960692 0.00381321720392 0.00884719541833
796.0 0.00213428841418 0.00381708409459 0.00885452429134
795.0 0.00212811805794 0.00382091792774 0.00885987225364
794.0 0.00211942712505 0.00382463313797 0.00886509830715
793.0 0.00211582895618 0.00382845977851 0.00887881859541
792.0 0.00210845475755 0.00383298569051 0.00888465788778
791.0 0.00210435657738 0.00383620788251 0.00888916203107
790.0 0.00209888074688 0.00384006976559 0.00888989834531
789.0 0.002092451648 0.00384425112752 0.00889309455615
788.0 0.00208825845636 0.00384769641811 0.00889872936467
787.0 0.00208346885221 0.00385193710957 0.0089056789009
786.0 0.00207662352845 0.00385580565187 0.00890630751536
785.0 0.00207284537157 0.00385918783666 0.00890906622197
784.0 0.00206496451838 0.00386275423707 0.00891128843417
783.0 0.00205882564187 0.00386640318366 0.00891568344033
782.0 0.00205445377224 0.00387036227343 0.00891977645461
781.0 0.00204968080535 0.00387379790655 0.00893611146335
780.0 0.00204469925026 0.00387732234794 0.00893469776658
779.0 0.00204032385517 0.00388147780237 0.00894676477484
778.0 0.00203633841609 0.00388515643625 0.00894921770092
777.0 0.00203054006907 0.00388847224886 0.00895492590882
776.0 0.00202675653994 0.00389201493911 0.00896040812528
775.0 0.00202142300682 0.00389555478902 0.00896353937402
774.0 0.00201811949012 0.00389932643524 0.00896998808213
773.0 0.00201519263188 0.00390243009015 0.00897758548492
772.0 0.00201120846245 0.00390615582381 0.00898421982966
771.0 0.00200868076401 0.0039100433638 0.00898859615342
770.0 0.00200563452848 0.00391397037651 0.00899865478428
769.0 0.00200080164147 0.0039169517635 0.00900559145409
768.0 0.00199662985629 0.00392077633648 0.0090193288026
767.0 0.00199486034556 0.00392466316714 0.00902244398013
766.0 0.00199100665728 0.00392877441641 0.00902493677501
765.0 0.00198818477401 0.00393274176637 0.00902027143099
764.0 0.00198442173362 0.00393610178622 0.00901992489225
763.0 0.00198163937066 0.00393974385955 0.00902109005695
762.0 0.00197754776472 0.00394370886754 0.00902208445675
761.0 0.00197592028182 0.00394794370583 0.00902682133456
760.0 0.00197305736435 0.00395164147781 0.00902457520539
759.0 0.00196983784005 0.00395536817139 0.00904303054968
758.0 0.00196820284971 0.0039589120383 0.00903158250145
757.0 0.00196589727269 0.00396323251532 0.00902753203005
756.0 0.00196358762907 0.00396684085055 0.00903390247508
755.0 0.00196222400432 0.00397065346938 0.00903839011971
754.0 0.00196088155901 0.00397485766779 0.00903911806808
753.0 0.0019589473357 0.00397858792161 0.00905216833241
752.0 0.00195550077167 0.00398216268141 0.00906668976674
751.0 0.00195404231911 0.00398670867307 0.00906202485812
750.0 0.00195205225292 0.00399037222203 0.00907077201233
749.0 0.00195060668 0.00399433188613 0.00907920743637
748.0 0.00194945332601 0.00399859289883 0.00907921095853
747.0 0.00194790162662 0.0040024390139 0.00907913770383
746.0 0.00194658428709 0.00400570140919 0.00908175526708
745.0 0.00194563349486 0.00400892545099 0.00908254574117
744.0 0.00194517755698 0.00401254167249 0.00908627401692
743.0 0.00194363268443 0.00401652828872 0.00908929910913
742.0 0.00194294121862 0.00402022580015 0.00909174514933
741.0 0.00194168195623 0.00402406301303 0.00909462361649
740.0 0.00193995636015 0.00402769440951 0.00910760413639
739.0 0.0019390939878 0.00403141057822 0.00911678111788
738.0 0.00193827882411 0.00403581606151 0.00911678111788
737.0 0.00193715048029 0.00403987507189 0.0091155225277
736.0 0.00193621626414 0.00404339749374 0.00912141906842
735.0 0.00193520016644 0.00404724033393 0.00912218923197
734.0 0.00193467848162 0.00405144964261 0.00914085451008
733.0 0.00193376878087 0.00405528411746 0.00914246941754
732.0 0.00193281215958 0.00405912712191 0.00914767803436
731.0 0.00193195894227 0.00406366698345 0.00915594576952
730.0 0.00193179766236 0.00406792264529 0.00915040385034
729.0 0.00193108168575 0.00407202866816 0.00915495510786
728.0 0.0019302616293 0.00407570403687 0.0091612099065
727.0 0.00192966868763 0.00408008977292 0.00916619281812
726.0 0.00192899864475 0.00408393064352 0.00916679657812
725.0 0.00192880782679 0.00408754629991 0.00916743205383
724.0 0.00192852417515 0.00409177612401 0.009175901151
723.0 0.00192840442963 0.00409592738654 0.00917448922719
722.0 0.00192800865348 0.004099486922 0.00917694070698
721.0 0.00192772535377 0.00410368230988 0.00917093790087
720.0 0.00192741908958 0.00410762886589 0.00918099846492
719.0 0.00192666461508 0.00411118160471 0.00919566579162
718.0 0.00192663832052 0.00411548115667 0.00919666334532
717.0 0.00192610770633 0.00411920212892 0.00920561137698
716.0 0.00192607214313 0.00412359927508 0.00921888595368
715.0 0.00192579908505 0.00412732451827 0.00922185939404
714.0 0.001925762204 0.00413089198284 0.00922189560688
713.0 0.0019257357346 0.00413469202211 0.00923473995577
712.0 0.00192561116734 0.00413888960226 0.00922626318703
711.0 0.00192560125301 0.00414333344983 0.00923744620781
710.0 0.00192540010746 0.00414746305723 0.00924545825613
709.0 0.00192537115651 0.00415167771753 0.00925269275617
708.0 0.00192472111112 0.00415535615497 0.00925883224443
707.0 0.001924355872 0.00415821251331 0.00926153425716
706.0 0.00192430656929 0.00416208495044 0.00925848794984
705.0 0.00192430656929 0.00416627311533 0.00926206533149
704.0 0.00192423081071 0.00417036263744 0.00926572046179
703.0 0.00192399328029 0.0041741537931 0.00926581527942
702.0 0.00192398067981 0.00417801479113 0.00926829700777
701.0 0.00192398067981 0.00418213727596 0.00925865601111
700.0 0.00192398067981 0.00418622284875 0.00926060981581
699.0 0.00192398067981 0.00418972960052 0.00927160768934
698.0 0.00192395770506 0.00419296828552 0.00927430905527
697.0 0.00192395770506 0.00419696119226 0.00927582318745
696.0 0.00192386507913 0.00420013627652 0.00928175123007
695.0 0.00192386507913 0.0042038504526 0.00929378381949
694.0 0.00192379259868 0.00420798072374 0.00930191127043
693.0 0.00192379259868 0.00421197537997 0.00930319537663
692.0 0.00192379259868 0.00421569258322 0.00931502112176
691.0 0.0019237661787 0.00421966246117 0.00932120948763
690.0 0.0019237661787 0.00422294636402 0.00931490953763
689.0 0.0019237661787 0.00422671663694 0.0093260940155
688.0 0.0019237661787 0.00423044559244 0.00932832543037
687.0 0.0019237661787 0.00423369023399 0.00933021648022
686.0 0.0019237037123 0.00423758390511 0.00932273412798
685.0 0.0019237037123 0.00424085142426 0.00932419353031
684.0 0.0019237037123 0.00424428455654 0.00932970914206
683.0 0.0019237037123 0.00424837538711 0.00933421303477
682.0 0.0019237037123 0.00425211486616 0.00933312368039
681.0 0.0019237037123 0.00425620415147 0.00934445174025
680.0 0.0019237037123 0.00425986346406 0.00934017910846
679.0 0.0019237037123 0.004262947737 0.00934528183626
678.0 0.0019237037123 0.00426731676898 0.00934332305527
677.0 0.0019237037123 0.0042708969532 0.00934634373868
676.0 0.0019237037123 0.00427400027613 0.00935215946222
675.0 0.0019237037123 0.00427778870223 0.00935771238722
674.0 0.0019237037123 0.00428137644975 0.00937394115483
673.0 0.0019237037123 0.00428425681643 0.00936421422169
672.0 0.0019237037123 0.00428814372571 0.00937068623143
671.0 0.0019237037123 0.00429130897989 0.00937267773032
670.0 0.0019237037123 0.00429481780218 0.00936197421425
669.0 0.0019237037123 0.00429823878527 0.00937720107398
668.0 0.0019237037123 0.00430171985304 0.0093746132306
667.0 0.0019237037123 0.00430510021345 0.00937828752144
666.0 0.0019237037123 0.00430928423482 0.00937714202925
665.0 0.0019237037123 0.00431335911966 0.00938494160797
664.0 0.0019237037123 0.0043168192185 0.00940559620475
663.0 0.0019237037123 0.0043208749642 0.00939993014954
662.0 0.0019237037123 0.004324050629 0.00941258370296
661.0 0.0019237037123 0.00432765151851 0.00941887859907
660.0 0.0019237037123 0.00433108998322 0.00941895529728
659.0 0.0019237037123 0.0043349183733 0.00942963025533
658.0 0.0019237037123 0.00433840345634 0.00944222616636
657.0 0.0019237037123 0.00434126585542 0.00944719401659
656.0 0.0019237037123 0.00434441186984 0.00945164436089
655.0 0.0019237037123 0.00434785072203 0.00946059233061
654.0 0.0019237037123 0.00434995033176 0.00946937240878
653.0 0.0019237037123 0.00435340027077 0.00946837102067
652.0 0.0019237037123 0.00435631039779 0.00946274023275
651.0 0.0019237037123 0.00435954526978 0.00947902473746
650.0 0.0019237037123 0.00436233903469 0.00948561121312
649.0 0.0019237037123 0.00436540817906 0.00949456478717
648.0 0.0019237037123 0.00436835164447 0.00950023487213
647.0 0.0019237037123 0.00437209539414 0.00950462452852
646.0 0.0019237037123 0.00437531558736 0.00950462452852
645.0 0.0019237037123 0.00437811817286 0.00950744540478
644.0 0.0019237037123 0.00437929533443 0.00951125527579
643.0 0.0019237037123 0.00438101378584 0.00951612838387
642.0 0.0019237037123 0.00438289213403 0.00952495658848
641.0 0.0019237037123 0.00438582972049 0.00952748075493
640.0 0.0019237037123 0.00438804643997 0.00953154827277
639.0 0.0019237037123 0.00438968289541 0.00954250490111
638.0 0.0019237037123 0.0043914582144 0.00954283231176
637.0 0.0019237037123 0.00439278070025 0.00956486137942
636.0 0.0019237037123 0.00439329902897 0.00955177679996
635.0 0.0019237037123 0.00439480170701 0.00956039887963
634.0 0.0019237037123 0.00439620248477 0.00955744340162
633.0 0.0019237037123 0.00439750377687 0.00956067116513
632.0 0.0019237037123 0.00439840208936 0.00957037157997
631.0 0.0019237037123 0.00439970482547 0.00957388398393
630.0 0.0019237037123 0.00439980949122 0.00956776592452
629.0 0.0019237037123 0.00440020037875 0.00958363056788
628.0 0.0019237037123 0.00440084783105 0.00959192529347
627.0 0.0019237037123 0.00440096551573 0.00959691436308
626.0 0.0019237037123 0.00440058871572 0.00960615897153
625.0 0.0019237037123 0.00439978348803 0.00961215529658
624.0 0.0019237037123 0.00440113922198 0.00961445531533
623.0 0.0019237037123 0.00440113922198 0.00961643794742
622.0 0.0019237037123 0.00439998619941 0.00962340783489
621.0 0.0019237037123 0.00439844336082 0.00962979478265
620.0 0.0019237037123 0.00439798047582 0.0096348248123
619.0 0.0019237037123 0.00439767331031 0.00963901310207
618.0 0.0019237037123 0.00439758517672 0.00964134748479
617.0 0.0019237037123 0.00439677626494 0.00964556964048
616.0 0.0019237037123 0.0043959222636 0.00963932380554
615.0 0.0019237037123 0.00439556077969 0.00963607860559
614.0 0.0019237037123 0.00439513621509 0.00964511108176
613.0 0.0019237037123 0.00439485320009 0.00964014196768
612.0 0.0019237037123 0.00439407885105 0.00963220878059
611.0 0.0019237037123 0.00439374758922 0.0096356588794
610.0 0.0019237037123 0.00439431692867 0.00964872187213
609.0 0.0019237037123 0.00439382842987 0.00965158192479
608.0 0.0019237037123 0.00439339226215 0.00965280170177
607.0 0.0019237037123 0.00439339226215 0.00966019942615
606.0 0.0019237037123 0.00439359166999 0.00967392169398
605.0 0.0019237037123 0.00439457601375 0.00966815814466
604.0 0.0019237037123 0.00439548471988 0.00967208257229
603.0 0.0019237037123 0.00439466899539 0.00967422457051
602.0 0.0019237037123 0.00439553770876 0.00968023415659
601.0 0.0019237037123 0.00439677626494 0.00967763752111
600.0 0.0019237037123 0.00439708589713 0.0096741836465
599.0 0.0019237037123 0.00439735197511 0.00967672854391
598.0 0.0019237037123 0.00439637840172 0.00967952624885
597.0 0.0019237037123 0.00439717502775 0.00968513953139
596.0 0.0019237037123 0.00439811572757 0.00969208301947
595.0 0.0019237037123 0.00439856782144 0.00969036329994
594.0 0.0019237037123 0.00439904324084 0.00968715954319
593.0 0.0019237037123 0.00439949845626 0.009688928024
592.0 0.0019237037123 0.00439949845626 0.00969208301947
591.0 0.0019237037123 0.00439866677129 0.00968834727933
590.0 0.0019237037123 0.00439868461344 0.00969060280595
589.0 0.0019237037123 0.00439981739435 0.0096899804246
588.0 0.0019237037123 0.00440118451277 0.00968574757581
587.0 0.0019237037123 0.00440199122082 0.00970015563688
586.0 0.0019237037123 0.00440184549198 0.00971498334152
585.0 0.0019237037123 0.00440184549198 0.00971831088063
584.0 0.0019237037123 0.00440177482255 0.00972986433037
583.0 0.0019237037123 0.004401555886 0.00973070127828
582.0 0.0019237037123 0.00440247892491 0.00973674892426
581.0 0.0019237037123 0.00440294577682 0.00974362227249
580.0 0.0019237037123 0.00440434300638 0.00975644674652
579.0 0.0019237037123 0.00440464564194 0.00976848166567
578.0 0.0019237037123 0.00440505997081 0.00977320612236
577.0 0.0019237037123 0.00440655134852 0.00977365396717
576.0 0.0019237037123 0.00440796438701 0.00977763805172
575.0 0.0019237037123 0.00440914842027 0.00979127099387
574.0 0.0019237037123 0.00441042907192 0.0097798841506
573.0 0.0019237037123 0.00441120541407 0.00978804395096
572.0 0.0019237037123 0.00441306583096 0.0097926178156
571.0 0.0019237037123 0.00441490139977 0.00978583800555
570.0 0.0019237037123 0.00441562250446 0.00977593377993
569.0 0.0019237037123 0.0044167588015 0.0097756402345
568.0 0.0019237037123 0.00441901590369 0.00977565550641
567.0 0.0019237037123 0.00441946793338 0.00978127669148
566.0 0.0019237037123 0.0044208782732 0.00977385475436
565.0 0.0019237037123 0.00442217251878 0.00977862465554
564.0 0.0019237037123 0.00442336917939 0.00977762379055
563.0 0.0019237037123 0.00442556465648 0.00978089761447
562.0 0.0019237037123 0.00442841010689 0.00979387055222
561.0 0.0019237037123 0.00442861917903 0.0097926178156
560.0 0.0019237037123 0.00442971850407 0.00979496241916
559.0 0.0019237037123 0.00443193884346 0.0098047168976
558.0 0.0019237037123 0.0044332878491 0.00980360604035
557.0 0.0019237037123 0.00443618769214 0.00981573161966
556.0 0.0019237037123 0.00443836799488 0.00981574682322
555.0 0.0019237037123 0.00443968910421 0.00981628611751
554.0 0.0019237037123 0.00444125177918 0.00982415400392
553.0 0.0019237037123 0.0044424112079 0.00982821249674
552.0 0.0019237037123 0.00444657452254 0.00982657872766
551.0 0.0019237037123 0.0044483959654 0.00983294843286
550.0 0.0019237037123 0.00444856357352 0.00983683925398
549.0 0.0019237037123 0.0044501107134 0.00984932743137
548.0 0.0019237037123 0.00445215461626 0.00986352312756
547.0 0.0019237037123 0.0044555576855 0.00985646377785
546.0 0.0019237037123 0.00445955268757 0.0098630044877
545.0 0.0019237037123 0.00446147894213 0.00986309692635
544.0 0.0019237037123 0.00446414667805 0.0098728890821
543.0 0.0019237037123 0.00446620987828 0.00987938301962
542.0 0.0019237037123 0.00447014313687 0.00988674161103
541.0 0.0019237037123 0.00447411736342 0.00990854100205
540.0 0.0019237037123 0.00447858459878 0.00990935000138
539.0 0.0019237037123 0.0044808880721 0.00991665271576
538.0 0.0019237037123 0.00448281683041 0.00991402173351
537.0 0.0019237037123 0.00448538344165 0.0099140151323
536.0 0.0019237037123 0.00448827561371 0.00993154185419
535.0 0.0019237037123 0.00449208929702 0.00995038526443
534.0 0.0019237037123 0.00449493224135 0.00995643075519
533.0 0.0019237037123 0.00449691236851 0.00995626630822
532.0 0.0019237037123 0.00450126454068 0.00995933098135
531.0 0.0019237037123 0.00450238120238 0.00994858516454
530.0 0.0019237037123 0.00450563151756 0.00995681978873
529.0 0.0019237037123 0.00450988068753 0.0099560116949
528.0 0.0019237037123 0.00451450792991 0.0099612729004
527.0 0.0019237037123 0.00451797048365 0.00996223637173
526.0 0.0019237037123 0.00452294384634 0.00996223906843
525.0 0.0019237037123 0.00452638375961 0.00996341556301
524.0 0.0019237037123 0.00453119762956 0.00996981230782
523.0 0.0019237037123 0.00453640536991 0.00997438718275
522.0 0.0019237037123 0.00454135933389 0.00998299194345
521.0 0.0019237037123 0.00454518146206 0.00999575502549
520.0 0.0019237037123 0.00455137339998 0.0100055086471
519.0 0.0019237037123 0.00455429865968 0.0100055086471
518.0 0.0019237037123 0.00455935753911 0.0100074480285
517.0 0.0019237037123 0.00456206245433 0.0100259350167
516.0 0.0019237037123 0.00456634034082 0.0100430637159
515.0 0.0019237037123 0.00457101299961 0.0100478575645
514.0 0.0019237037123 0.00457713613398 0.0100434137764
513.0 0.0019237037123 0.00458229988358 0.0100431120339
512.0 0.0019237037123 0.00458711022833 0.0100583840789
511.0 0.0019237037123 0.00459265298265 0.0100589263705
510.0 0.0019237037123 0.00459993465989 0.0100588312001
509.0 0.0019237037123 0.004603710159 0.0100760583219
508.0 0.0019237037123 0.00460806314036 0.0101062521351
507.0 0.0019237037123 0.00461149032655 0.0101065513642
506.0 0.0019237037123 0.00461800308068 0.0101111403261
505.0 0.0019237037123 0.00462437871845 0.0101244011259
504.0 0.0019237037123 0.00463138734685 0.0101305436641
503.0 0.0019237037123 0.00463492635256 0.010138382779
502.0 0.0019237037123 0.00463927875942 0.0101399000556
501.0 0.0019237037123 0.00464642805567 0.0101464578149
500.0 0.0019237037123 0.00465474897244 0.0101555199248
499.0 0.0019237037123 0.00466125391026 0.0101551159156
498.0 0.0019237037123 0.0046657929541 0.0101599991344
497.0 0.0019237037123 0.00467286300006 0.0101655684415
496.0 0.0019237037123 0.00468087912694 0.0101700626785
495.0 0.0019237037123 0.00468886359458 0.0101929586142
494.0 0.0019237037123 0.00469774714426 0.0101929042147
493.0 0.0019237037123 0.0047051603587 0.010202326243
492.0 0.0019237037123 0.00471128573729 0.0102103959085
491.0 0.0019237037123 0.00472012483688 0.0102183815551
490.0 0.0019237037123 0.00472775872483 0.0102145689381
489.0 0.0019237037123 0.00473439959617 0.01023462173
488.0 0.0019237037123 0.00474360511662 0.0102428108741
487.0 0.0019237037123 0.00475145623123 0.0102427969435
486.0 0.0019237037123 0.00475888278069 0.0102477106534
485.0 0.0019237037123 0.00476619769751 0.0102626760864
484.0 0.0019237037123 0.00477526473493 0.0102783455242
483.0 0.0019237037123 0.00478389027202 0.0102787069589
482.0 0.0019237037123 0.00479273598828 0.0102852277767
481.0 0.0019237037123 0.0048008663991 0.0102906296347
480.0 0.0019237037123 0.00480749754626 0.0102950081154
479.0 0.0019237037123 0.00481579618107 0.010310709467
478.0 0.0019237037123 0.00482618617567 0.0103184159075
477.0 0.0019237037123 0.00483466137977 0.0103132266081
476.0 0.0019237037123 0.00483920616548 0.0103281196966
475.0 0.0019237037123 0.00484763542208 0.0103409797783
474.0 0.0019237037123 0.00485276389605 0.0103474590934
473.0 0.0019237037123 0.0048605847376 0.0103471994446
472.0 0.0019237037123 0.00486579193189 0.0103523009885
471.0 0.0019237037123 0.00487082650207 0.0103569912731
470.0 0.0019237037123 0.00487665674448 0.010369644492
469.0 0.0019237037123 0.0048821791647 0.0103857208649
468.0 0.0019237037123 0.00488801056455 0.0104034850255
467.0 0.0019237037123 0.00489401145338 0.0104209280075
466.0 0.0019237661787 0.00490081116609 0.0104390983246
465.0 0.0019237661787 0.00490485263665 0.0104428986824
464.0 0.0019237661787 0.00491017550986 0.0104599283968
463.0 0.0019237661787 0.00491492423601 0.010480936971
462.0 0.0019237661787 0.00491948031739 0.0104916068587
461.0 0.00192379259868 0.00492454383632 0.0104969484744
460.0 0.00192379259868 0.00493009285889 0.0104940007554
459.0 0.00192379259868 0.00493472253831 0.0105147363448
458.0 0.00192386507913 0.00493805183017 0.0105303753136
457.0 0.00192395770506 0.00494197996897 0.0105464485591
456.0 0.00192395770506 0.00494633264726 0.0105634333371
455.0 0.00192395770506 0.00495096761754 0.0105671702796
454.0 0.00192395770506 0.00495396819734 0.0105703850817
453.0 0.00192395770506 0.00495747117744 0.0105851278099
452.0 0.00192395770506 0.00496099811555 0.0106015986945
451.0 0.00192395770506 0.00496454539337 0.0106077499932
450.0 0.00192398067981 0.00496946828071 0.0106242049751
449.0 0.00192401271747 0.00497388494489 0.0106313307353
448.0 0.00192401271747 0.00497727290555 0.0106432590511
447.0 0.00192401271747 0.00498154811097 0.0106641520408
446.0 0.00192429545825 0.00498523512933 0.0106717747762
445.0 0.00192430656929 0.00498934776719 0.0106881074356
444.0 0.00192430656929 0.00499379078617 0.0107037477084
443.0 0.00192430656929 0.00499756104317 0.0107158333983
442.0 0.001924355872 0.00500173890366 0.0107341082446
441.0 0.00192458316733 0.0050059691749 0.0107331048624
440.0 0.00192486571482 0.00500993518342 0.0107406807769
439.0 0.00192486571482 0.00501323131991 0.0107424492808
438.0 0.00192513221707 0.00501771064402 0.0107502411802
437.0 0.0019253814093 0.0050217339341 0.0107594674854
436.0 0.0019253814093 0.00502544225249 0.0107765842765
435.0 0.00192540010746 0.0050293367121 0.0107996402992
434.0 0.00192551616011 0.00503245311594 0.0108062231479
433.0 0.00192551616011 0.00503650578047 0.0108191855438
432.0 0.00192553905873 0.00504043846968 0.0108309023276
431.0 0.00192553905873 0.00504396335927 0.0108407447749
430.0 0.00192561116734 0.00504753418258 0.0108591823512
429.0 0.00192564882064 0.00505092885096 0.010867010209
428.0 0.00192564882064 0.00505577612529 0.0108894873553
427.0 0.00192565748601 0.00505932280965 0.0109185976137
426.0 0.001925762204 0.00506360345227 0.0109312803494
425.0 0.001925762204 0.00506698076473 0.010933796874
424.0 0.00192590034219 0.00507160412378 0.0109379185888
423.0 0.00192590034219 0.00507581498789 0.0109565521956
422.0 0.00192609894237 0.00507964709312 0.0109682341877
421.0 0.00192609894237 0.005083519104 0.0109915362498
420.0 0.00192615112529 0.00508654497365 0.0109915040735
419.0 0.00192633952562 0.00509116858255 0.0110101902281
418.0 0.00192653752557 0.00509510322819 0.0110229346222
417.0 0.0019265522225 0.00509970640416 0.011044855919
416.0 0.00192656223863 0.00510322754181 0.0110755774635
415.0 0.0019268992082 0.00510711429707 0.0110837548064
414.0 0.00192772535377 0.00511040348604 0.0110875746148
413.0 0.00192777571738 0.00511442003472 0.0111020875412
412.0 0.00192791082321 0.00511770129194 0.0111160555904
411.0 0.00192803641042 0.00512227712527 0.0111383947325
410.0 0.00192806056067 0.0051253603225 0.011158814512
409.0 0.00192843027315 0.00512934516463 0.0111594153092
408.0 0.00192846571299 0.00513374249624 0.0111764890864
407.0 0.00192851024055 0.00513805815692 0.0111985324691
406.0 0.00192852417515 0.00514239032243 0.0112337367335
405.0 0.001928876788 0.00514651805172 0.0112491672878
404.0 0.00192895494013 0.00515018280878 0.011275830266
403.0 0.00192908495874 0.00515399108102 0.011294937265
402.0 0.00192929676473 0.00515740185085 0.0113171255717
401.0 0.001929351901 0.00516176752546 0.0113310168165
400.0 0.00192966868763 0.00516672288141 0.0113540285765
399.0 0.00192976533439 0.00517115442385 0.0113704864252
398.0 0.00192982503275 0.00517538919185 0.0114088747605
397.0 0.00192994369563 0.00518024545428 0.0114204850855
396.0 0.00193072324925 0.00518432223367 0.0114545050815
395.0 0.0019311362222 0.0051882384626 0.0114756070777
394.0 0.0019314874904 0.00519245740627 0.0114920473958
393.0 0.0019318035819 0.0051954762136 0.0114920473958
392.0 0.00193187517244 0.00519900525284 0.0115150414953
391.0 0.00193208653756 0.0052030814602 0.0115390248347
390.0 0.00193239458694 0.00520805800294 0.0115710909683
389.0 0.00193295189715 0.00521268389851 0.0115982395269
388.0 0.00193322393406 0.00521786913225 0.0116120145855
387.0 0.00193360832015 0.0052224872562 0.0116326684957
386.0 0.00193396388135 0.0052267671415 0.0116489840726
385.0 0.00193464029884 0.00523191141733 0.0116629531867
384.0 0.00193491405209 0.00523593816555 0.0116840182025
383.0 0.00193527654654 0.00524026921581 0.0116834904382
382.0 0.00193568558601 0.005244500804 0.0116868119355
381.0 0.00193632611813 0.00524862577171 0.0117118268497
380.0 0.00193666191544 0.00525332169453 0.0117178353248
379.0 0.00193732770236 0.00525701711929 0.011726505798
378.0 0.00193792084357 0.00526183877103 0.0117401271525
377.0 0.00193806270543 0.0052664681835 0.0117395132806
376.0 0.00193840477837 0.0052714140165 0.011753898346
375.0 0.00193896076064 0.00527653914743 0.0117485194726
374.0 0.00193922245156 0.00528177032428 0.0117660346992
373.0 0.00193984303178 0.00528660054237 0.0117687589099
372.0 0.00194043987328 0.00529101497338 0.0117909467479
371.0 0.00194168361497 0.00529502845197 0.0118084245658
370.0 0.00194220372656 0.00529964507387 0.0118229547797
369.0 0.00194325975156 0.00530511454742 0.0118429979717
368.0 0.00194358485962 0.00530913383847 0.0118438364184
367.0 0.00194377070736 0.00531385654212 0.0118589933002
366.0 0.00194494994997 0.00531900365167 0.0118757963881
365.0 0.00194550093424 0.0053226968324 0.0118865564895
364.0 0.00194575127745 0.00532799178557 0.0119107180006
363.0 0.00194653323012 0.00533282938828 0.0119304239294
362.0 0.00194702037821 0.00533871005554 0.0119364244766
361.0 0.00194790162662 0.00534352592789 0.0119668517482
360.0 0.00194856300851 0.00534846451382 0.0119793525669
359.0 0.00194937245836 0.00535284404989 0.0119812111588
358.0 0.00194956722941 0.00535770262061 0.0119968047924
357.0 0.00195055574686 0.00536351442159 0.0120115975829
356.0 0.00195124983448 0.00536783660831 0.0120413102076
355.0 0.00195220836588 0.00537235359611 0.0120576527355
354.0 0.00195272584231 0.00537692601296 0.0120589420611
353.0 0.0019533970277 0.00538107686792 0.0120825004924
352.0 0.00195403619103 0.00538643670906 0.0120965765603
351.0 0.00195496874112 0.00539132089283 0.0121242169387
350.0 0.0019562900673 0.00539606984717 0.0121408439006
349.0 0.00195677867909 0.00540078208144 0.0121692911348
348.0 0.00195719886028 0.0054072884901 0.0122090259651
347.0 0.00195874865172 0.00541187635389 0.0122205236234
346.0 0.00195986123688 0.00541794186246 0.0122298054571
345.0 0.00196109327847 0.00542353837275 0.0122619258953
344.0 0.00196152725396 0.00542844390416 0.0122795051907
343.0 0.0019621383493 0.00543320306374 0.0122962653191
342.0 0.00196323333738 0.00543905756375 0.0123187356934
341.0 0.00196452470527 0.00544372739964 0.0123213995703
340.0 0.00196583027775 0.00544998072119 0.0123540434759
339.0 0.00196659148897 0.00545514425477 0.0123804252608
338.0 0.00196861987316 0.00546061556651 0.0124087971364
337.0 0.00196930614648 0.00546585600613 0.0124329570725
336.0 0.00197016301633 0.00547008251457 0.0124593408922
335.0 0.00197080851847 0.00547577350954 0.0124735491892
334.0 0.00197220763855 0.00548069199631 0.0125030847284
333.0 0.00197355105283 0.00548610912205 0.012516738558
332.0 0.00197479458034 0.00549057861251 0.0125241289371
331.0 0.00197676126464 0.00549583006017 0.0125225784644
330.0 0.00197778290887 0.00550124778906 0.0125546125909
329.0 0.0019792723161 0.00550810442006 0.0125658186663
328.0 0.00198074644679 0.00551402852452 0.0125769245308
327.0 0.00198155595872 0.00551924517979 0.0125961172206
326.0 0.00198320061464 0.0055254384199 0.0126266325167
325.0 0.00198482633407 0.00553010590375 0.012643595361
324.0 0.00198639440266 0.00553591024575 0.0126575337187
323.0 0.00198847208082 0.00554142265828 0.0126544197302
322.0 0.00199163941971 0.0055468561038 0.0126823814514
321.0 0.00199389962404 0.00555183625603 0.0127114536753
320.0 0.00199480610387 0.00555726486581 0.0127299830569
319.0 0.00199568692131 0.00556307270746 0.0127371887735
318.0 0.00199706695811 0.00556819065969 0.0127572710448
317.0 0.00199891584974 0.0055736619551 0.0127934106314
316.0 0.00200041643164 0.00557835996706 0.0128019153503
315.0 0.00200222470515 0.00558364909144 0.0128164251254
314.0 0.00200378556292 0.00558937846968 0.0128254841168
313.0 0.00200584912687 0.00559502644402 0.0128466092421
312.0 0.00200803869642 0.0056010841123 0.0128593097953
311.0 0.00200979684207 0.00560739126928 0.0128952329333
310.0 0.00201283876588 0.0056130530348 0.012905450585
309.0 0.00201582717944 0.00561845086169 0.0129521625874
308.0 0.00201952699862 0.00562379323546 0.012947770002
307.0 0.00202185514304 0.00563028924812 0.0129673229195
306.0 0.00202519479345 0.00563643178615 0.0129988749322
305.0 0.00202728358908 0.00564193163077 0.0130359146088
304.0 0.00203170405245 0.00564619996257 0.0130818052687
303.0 0.00203575174161 0.00565208920294 0.0130943165217
302.0 0.00203780882224 0.00565761433612 0.0131445406038
301.0 0.00204116443352 0.00566398637191 0.0131873120727
300.0 0.00204397831935 0.00567013155364 0.0132160737607
299.0 0.00204650405877 0.00567639987178 0.013237688548
298.0 0.00204828893446 0.00568230885122 0.0132643585102
297.0 0.00204968510649 0.00568779816482 0.0133040329764
296.0 0.00205490254388 0.00569464293729 0.0133472987572
295.0 0.00205764012619 0.00570123003176 0.0133775309171
294.0 0.00206112550388 0.00570680274015 0.0133992189603
293.0 0.00206497157507 0.00571375113237 0.0134467328503
292.0 0.00206946536837 0.00572037952864 0.0134819693621
291.0 0.00207573170049 0.00572673897437 0.0135112373558
290.0 0.00207842012976 0.00573369761977 0.0135437397377
289.0 0.00208360382589 0.00574073548302 0.0135802600893
288.0 0.00208681703688 0.00574796950579 0.0136178861759
287.0 0.00209092771483 0.00575473484018 0.0136476660942
286.0 0.00209425578569 0.00576124801123 0.0136773681239
285.0 0.00209764468999 0.00576682132924 0.0137333044071
284.0 0.00210270720733 0.00577504896705 0.0137735544195
283.0 0.00210828816238 0.00578316110205 0.0138368052959
282.0 0.00211153947803 0.00579301680281 0.0138796281723
281.0 0.00211563768607 0.00579946098417 0.0139503666991
280.0 0.00211984269328 0.00580731394011 0.0140004910433
279.0 0.00212529913534 0.0058148775796 0.0140432419334
278.0 0.00213059828681 0.00582437124387 0.0141019648758
277.0 0.00213634818549 0.00583301758756 0.0141582732168
276.0 0.00214133768939 0.00584108907124 0.0142041364975
275.0 0.00214702316663 0.00584877538698 0.0142810805731
274.0 0.00215245354957 0.00585708562084 0.0143597143441
273.0 0.00215985363065 0.00586608175981 0.0144069918183
272.0 0.00216568425352 0.00587655611788 0.0144550656553
271.0 0.00217331470627 0.00588602805974 0.0145235082525
270.0 0.00218121653052 0.00589508469988 0.0146067312181
269.0 0.00218767840338 0.00590490002586 0.014674963838
268.0 0.00219370225416 0.00591470902801 0.0147593364534
267.0 0.00220103395932 0.00592571463843 0.0148297751501
266.0 0.00220748210745 0.00593520364381 0.0149053784455
265.0 0.00221529048776 0.00594579712733 0.0149716509813
264.0 0.00222558082045 0.00595704916751 0.0150444255639
263.0 0.0022372306364 0.00596732316482 0.0151445054748
262.0 0.00224495766495 0.00598085212874 0.0152099636665
261.0 0.0022541691011 0.00599099558534 0.0152890727683
260.0 0.00226215194041 0.00600196183225 0.0153683599906
259.0 0.00227261086189 0.0060133620584 0.0154639520728
258.0 0.00228406137245 0.0060254456209 0.0155631173332
257.0 0.0022970912823 0.00603705393206 0.0156314822159
256.0 0.00230760362621 0.00604957772925 0.0157585102869
255.0 0.00231927931773 0.00606433845071 0.0158826609318
254.0 0.00233082069243 0.00607819076932 0.0160060804283
253.0 0.00234675774522 0.00608987584771 0.0161116462792
252.0 0.0023608482645 0.00610262437853 0.0162141668621
251.0 0.00237783961524 0.00611406136295 0.0162809308465
250.0 0.00239220961177 0.0061289848668 0.0164171719168
249.0 0.00240651616829 0.00614491473676 0.0165683604729
248.0 0.00242585888356 0.00616004143937 0.0166615207942
247.0 0.00244921614311 0.00617412751749 0.0167914732666
246.0 0.00246401948145 0.00618884163395 0.0168889340364
245.0 0.0024811494573 0.00620477204819 0.0170302872923
244.0 0.00250185913563 0.00622096407943 0.0171796508902
243.0 0.00251991549971 0.00623736633221 0.0172924946226
242.0 0.00253796028608 0.00625516624421 0.0174048589654
241.0 0.00255715163893 0.00627114461465 0.0175306996596
240.0 0.00257679874348 0.00628881671384 0.0176754301278
239.0 0.00259830118693 0.00630707993777 0.0178224625368
238.0 0.00262110055786 0.00632622414426 0.0179581956986
237.0 0.00264735164676 0.00634894156133 0.0181472192715
236.0 0.00267024096251 0.00636924992096 0.0182865758184
235.0 0.00269973800527 0.00638957308864 0.0184009390709
234.0 0.00272936986352 0.00641257952273 0.0185927484248
233.0 0.00275843297212 0.00643161105891 0.0187552387024
232.0 0.00279595581144 0.00645494432624 0.018896875559
231.0 0.00283236621516 0.00648241493057 0.0190343033674
230.0 0.00287454528257 0.00650783313269 0.0192015363495
229.0 0.00291021344203 0.00653392273236 0.0194243315858
228.0 0.00294389716465 0.00655887345327 0.0196101173538
227.0 0.00299200633748 0.00658482850423 0.0198187497997
226.0 0.0030336410338 0.00661095302742 0.0200322831919
225.0 0.00308915744545 0.00664003053655 0.0202680236141
224.0 0.00316271899763 0.00667173066272 0.0205685122171
223.0 0.00323001894004 0.00670285712899 0.0207990880872
222.0 0.00331327437752 0.00673229884823 0.0210184697846
221.0 0.00339127059117 0.00676546092355 0.0212906489973
220.0 0.00348546356304 0.00680175708472 0.0215907157763
219.0 0.00357383620772 0.00683961470666 0.0219156875722
218.0 0.00368870444166 0.00687343896684 0.022266225571
217.0 0.00383514194008 0.0069147515085 0.0226014836266
216.0 0.00400616465853 0.00695600785665 0.0230454343038
215.0 0.00414151576161 0.00700481368766 0.0235061333304
214.0 0.00429911551872 0.00704421107871 0.024008960683
213.0 0.00453670272437 0.00708932398259 0.0245889013847
212.0 0.00478061348446 0.00713799074796 0.0252119893044
211.0 0.00483740524601 0.00719382270654 0.0259378560293
210.0 0.00485939496006 0.00725814127887 0.0267416777619
209.0 0.00487803010132 0.00732142504086 0.0276751529901
208.0 0.00489172496743 0.00739075998339 0.0287831024427
207.0 0.00490517856968 0.00746423608845 0.0301302120882
206.0 0.00491685172191 0.00754409212016 0.0315562071005
205.0 0.00492587991844 0.00763032402491 0.0330993867661
204.0 0.00493728368808 0.00772644840883 0.03507080678
203.0 0.00494830166424 0.00782596363094 0.0376888670798
202.0 0.00495959246081 0.00793300241405 0.040561363164
201.0 0.0049709340195 0.00806148001016 0.0438757674848
200.0 0.00498117561943 0.00819305611608 0.0480001015233
199.0 0.00499120084716 0.00833963739497 0.0524372492394
198.0 0.00500094033787 0.00851038989829 0.0579081276153
197.0 0.0050134281816 0.00870101237374 0.0644848373457
196.0 0.00502826318104 0.0089050868208 0.0724187706603
195.0 0.00504493150164 0.00914680056177 0.0809128799822
194.0 0.00506303151526 0.00941127050535 0.0902782356237
193.0 0.00508298805762 0.00971869636216 0.101323307683
192.0 0.00510307524818 0.0100578466837 0.112280020221
191.0 0.0051238978033 0.0104561057521 0.125454034206
190.0 0.00514757930732 0.0109381976124 0.138803440106
189.0 0.00517356815424 0.0114765774034 0.152554272294
188.0 0.00520631261744 0.0121171941579 0.168826577458
187.0 0.00524531187438 0.0129098393367 0.18610704454
186.0 0.00528691205425 0.0139167369156 0.203792345641
185.0 0.00532508160064 0.0151392457132 0.222100835993
184.0 0.00537598961593 0.0166345991544 0.241024681159
183.0 0.00543429233248 0.0186317812739 0.260895806953
182.0 0.0055010201637 0.0215107379507 0.280972743368
181.0 0.0055722703375 0.0254543959247 0.303739744748
180.0 0.0056548596927 0.0308149023779 0.328262959599
179.0 0.00574629134295 0.0377192296659 0.353268079955
178.0 0.00586309854312 0.0459616612748 0.379411574735
177.0 0.0060047951579 0.0558108569498 0.405673581671
176.0 0.00616102168376 0.0682362934275 0.436826928897
175.0 0.00634485391089 0.0818985522929 0.464857504797
174.0 0.00654769308512 0.0959466370561 0.493547078965
173.0 0.00679383728915 0.109462972312 0.527538546047
172.0 0.00706777497679 0.122551608503 0.56358725871
171.0 0.00741160344323 0.135193315934 0.597788766653
170.0 0.00784196099828 0.147435820345 0.633870573404
169.0 0.00837060838934 0.159538688608 0.668019101328
168.0 0.00904880612213 0.170960852756 0.699985595282
167.0 0.0100108838384 0.182288277112 0.73526482155
166.0 0.0112461366922 0.193367264583 0.773958266696
165.0 0.0129984004497 0.203677657886 0.802917626946
164.0 0.0156512631046 0.214395942006 0.839929597955
163.0 0.0207162087214 0.223852422225 0.878240189644
162.0 0.0285985835967 0.233065416617 0.904493731237
161.0 0.0378041968042 0.241506923665 0.930117333759
160.0 0.049535512644 0.249258596976 0.960901039682
159.0 0.0629841768222 0.256044120981 1.001278771
158.0 0.0757698047789 0.262483874561 1.01479452275
157.0 0.0849956192931 0.267384447932 1.03329157013
156.0 0.0915458485487 0.271381788932 1.042860445
155.0 0.0959995254662 0.274892982038 1.06006741614
154.0 0.0998962703702 0.27729905907 1.06648609431
153.0 0.102026812324 0.277995438389 1.06849457532
152.0 0.10349548049 0.27801128979 1.0725233877
151.0 0.104119634493 0.276863157857 1.07900580768
150.0 0.10451464307 0.27492197054 1.07133764111
149.0 0.104233663571 0.271465634461 1.05834059063
148.0 0.103968009112 0.267142979357 1.04795861732
147.0 0.103029619666 0.262094110112 1.04268997079
146.0 0.101899026122 0.256046578337 1.02919155489
145.0 0.100520445522 0.249778693544 1.00624301659
144.0 0.0991010626714 0.243042997024 1.00056028787
143.0 0.0975889652957 0.23553256795 0.967075362531
142.0 0.0960865337799 0.227779126803 0.939043998252
141.0 0.0945880441229 0.220011113142 0.901671838781
140.0 0.093180118128 0.212233080672 0.869866470849
139.0 0.0919166400899 0.205210276627 0.839746534137
138.0 0.0905015159851 0.19844136137 0.804975573471
137.0 0.089345809249 0.191644654765 0.770530950702
136.0 0.0882462059126 0.185398833028 0.732904577191
135.0 0.0870762246852 0.179133184179 0.696758409007
134.0 0.0859727512009 0.173373239987 0.659587936041
133.0 0.0850297983707 0.167622883174 0.622006636053
132.0 0.0841281667263 0.162779314177 0.586920405227
131.0 0.0832185994195 0.158272134738 0.549755921452
130.0 0.0825815123926 0.153816627214 0.516307053467
129.0 0.0818881556049 0.149841936912 0.485142637365
128.0 0.0812414009113 0.146247917957 0.454264650282
127.0 0.0806267492424 0.143179130333 0.423321150532
126.0 0.080062219705 0.140194493659 0.396065356397
125.0 0.0795323154109 0.137488099235 0.372202850276
124.0 0.0790449121088 0.134900290949 0.350935795228
123.0 0.0785929058765 0.13277337505 0.33234471656
122.0 0.0781339531909 0.130898976404 0.316498471913
121.0 0.0776738508631 0.129409139586 0.304039749441
120.0 0.0773040768501 0.127885728447 0.291797217339
119.0 0.0768821546974 0.126616701887 0.281823233911
118.0 0.076311063374 0.125388337817 0.272974834293
117.0 0.0756755785635 0.124100161695 0.264946132217
116.0 0.0750612542373 0.123026265212 0.260094092106
115.0 0.0744467495729 0.121995278959 0.254842975549
114.0 0.073561988309 0.120924741814 0.250024347156
113.0 0.0724124293351 0.119873532801 0.246796501269
112.0 0.0712268546077 0.118770457657 0.242600663243
111.0 0.0696580722671 0.117600862935 0.240039894912
110.0 0.0677425219437 0.116215438444 0.236803871886
109.0 0.0655136345686 0.114954535058 0.234251787076
108.0 0.0628496011217 0.113580384351 0.231179928463
107.0 0.0599099416636 0.111966534646 0.22838275952
106.0 0.0562973637703 0.110177916174 0.22583864561
105.0 0.052897652535 0.108275100078 0.222953435657
104.0 0.0498256665266 0.106207308166 0.220219545786
103.0 0.0470467875709 0.103947547638 0.217056830922
102.0 0.0445324596632 0.101446431551 0.213957694494
101.0 0.0423703037374 0.0988825846752 0.210539785188
100.0 0.0406066759361 0.096240500627 0.206816837027
99.0 0.0390473681834 0.0935918649172 0.204567081479
98.0 0.0378746459944 0.0908443622102 0.200456975062
97.0 0.0367234303464 0.0881076037623 0.196262936419
96.0 0.0355835895818 0.0853515756164 0.192200518012
95.0 0.0344919083207 0.0827753862549 0.187992311504
94.0 0.0333539779912 0.0802572972599 0.185127714162
93.0 0.0321113850872 0.0778550608008 0.182549166164
92.0 0.0308519684329 0.0754078874934 0.179752746778
91.0 0.0295618177107 0.0731911511006 0.176307931209
90.0 0.0284401266079 0.0711265091755 0.173228559289
89.0 0.0275404282016 0.0692528595273 0.170362027754
88.0 0.0267781889243 0.0675635498154 0.167526566543
87.0 0.0262010168638 0.0661068867461 0.164145584923
86.0 0.0256978224883 0.0646912970462 0.1615206571
85.0 0.0253263762413 0.0635264455792 0.158090436722
84.0 0.0250274525986 0.062302280576 0.154423220494
83.0 0.0247864129681 0.0612225534591 0.150971507376
82.0 0.0245819481888 0.0602653552369 0.147129100638
81.0 0.0243930106207 0.0594642545061 0.143277989599
80.0 0.0242571467903 0.058654634378 0.13922278965
79.0 0.0241579391482 0.0579349959091 0.135438883597
78.0 0.0240265075415 0.0572697770219 0.131536290013
77.0 0.0239201222686 0.0566511793301 0.127622119456
76.0 0.023824723745 0.0560971729741 0.123797394881
75.0 0.0237381850158 0.0555653020183 0.120093620108
74.0 0.0236858117941 0.0549944147681 0.116537505854
73.0 0.0236149785496 0.0544561676133 0.113038177673
72.0 0.0235579062545 0.053841910252 0.109558825097
71.0 0.0235015089543 0.0532482629484 0.106359912819
70.0 0.0234556989003 0.0526526262703 0.103084388728
69.0 0.0234149306739 0.0520361330116 0.0999400650504
68.0 0.0233855140096 0.0514085810771 0.0967599590568
67.0 0.0233552776585 0.0507608329684 0.0938632779117
66.0 0.0233316785821 0.0500782606205 0.0909519376166
65.0 0.0233136800906 0.0493959911628 0.0880217158607
64.0 0.0232968787405 0.0487312354941 0.0853462101217
63.0 0.0232792465399 0.0480221904062 0.0829139464969
62.0 0.023260070199 0.0473597840738 0.0804643984399
61.0 0.0232400896738 0.0466870459156 0.0782344806485
60.0 0.0232278471472 0.0459904687026 0.0760280349613
59.0 0.0232150421312 0.0452984588621 0.0738642192768
58.0 0.0232052835658 0.0446281951268 0.0717821030014
57.0 0.0231947842456 0.0439474086568 0.0697645198491
56.0 0.0231820954073 0.043256647048 0.0679003164499
55.0 0.0231704466811 0.0425844345664 0.0660411946418
54.0 0.0231572755206 0.0419157912117 0.0644453800696
53.0 0.0231496096909 0.0412590218384 0.0627402217703
52.0 0.0231392258286 0.0406525416299 0.0611375439103
51.0 0.02313336083 0.040040980244 0.0596225720403
50.0 0.0231275181031 0.039418973495 0.0581674685062
49.0 0.0231206086537 0.0388205646436 0.0567040902545
48.0 0.023111907317 0.0382247686012 0.0553531788631
47.0 0.0231057645792 0.0376279902063 0.0540883342535
46.0 0.0230955272801 0.0370553600849 0.052854583838
45.0 0.0230917790978 0.0365048589003 0.0516603277933
44.0 0.0230821633858 0.0359615061553 0.0505133025597
43.0 0.0230771498606 0.0354219402732 0.0493891918528
42.0 0.0230757899154 0.0348987834767 0.048290748676
41.0 0.0230741136308 0.0343856439664 0.047271374714
40.0 0.0230699302093 0.0338889945546 0.0462891800717
39.0 0.0230653648221 0.0334057398737 0.0453445283986
38.0 0.0230606771563 0.0329345366043 0.0444292356706
37.0 0.0230495148892 0.0324724426911 0.0435324422373
36.0 0.0230389638718 0.0320259519403 0.0426682464166
35.0 0.0230214472553 0.0315801051136 0.0418433172112
34.0 0.023008206045 0.0311479443527 0.0410554875008
33.0 0.0229890990359 0.0307239773613 0.0402812640278
32.0 0.0229578412807 0.0303095785605 0.0395455516573
31.0 0.0229263182078 0.0299043252545 0.0388328619041
30.0 0.0228807358917 0.0295082665548 0.0381295191581
29.0 0.0228189548269 0.0291210793228 0.0374618862642
28.0 0.0227523299211 0.0287454232195 0.0368159768281
27.0 0.0226770276996 0.0283749824301 0.0361773881584
26.0 0.0225903773866 0.0280146846746 0.0355679582642
25.0 0.0224792103005 0.0276598030617 0.0349778013462
24.0 0.0223561646664 0.0273144435513 0.0344133067304
23.0 0.0222290603994 0.0269768855569 0.0338611909339
22.0 0.0220931455917 0.0266468793626 0.0333165689201
21.0 0.0219518409276 0.0263241045492 0.0328074001815
20.0 0.0218053670498 0.0260118538928 0.0322973080656
19.0 0.0216541246833 0.0257054463356 0.0318129963127
18.0 0.0214924076769 0.0254044196786 0.0313340913667
17.0 0.0213263820449 0.0251064465527 0.0308657425289
16.0 0.021151790716 0.0248145048994 0.0304148089123
15.0 0.0209820069517 0.0245279248594 0.0299726583278
14.0 0.0208012810423 0.0242491373486 0.0295503621444
13.0 0.0206254418815 0.0239758753996 0.029136689614
12.0 0.0204522400844 0.0237043227196 0.0287334376515
11.0 0.0202704527253 0.0234401953778 0.0283400360579
10.0 0.0200931183767 0.0231825154868 0.0279597952164
9.0 0.0199106439626 0.0229274381849 0.0275791791338
8.0 0.0197279157081 0.0226763753097 0.0272207159573
7.0 0.0195498778286 0.0224299379305 0.0268637330836
6.0 0.0193699521109 0.0221879327939 0.0265155564746
5.0 0.0191909337772 0.0219519292909 0.0261726870575
4.0 0.0190150074571 0.0217188924787 0.0258442138474
3.0 0.0188402005444 0.0214896020752 0.0255211695053
2.0 0.0186646275186 0.0212632437331 0.025202672206
1.0 0.0184932985516 0.0210405457094 0.0248892421782
0.0 0.0183247699821 0.0208218349282 0.0245836727502
