agebin 5th Median 95th
1000.0 0.0 0.0 0.0
999.0 0.0 0.0 0.0
998.0 0.0 0.0 0.0
997.0 0.0 0.0 0.0
996.0 0.0 0.0 0.0
995.0 0.0 0.0 0.0
994.0 0.0 0.0 0.0
993.0 0.0 0.0 0.0
992.0 0.0 0.0 0.0
991.0 0.0 0.0 0.0
990.0 0.0 0.0 0.0
989.0 0.0 0.0 0.0
988.0 0.0 0.0 0.0
987.0 0.0 0.0 0.0
986.0 0.0 0.0 0.0
985.0 0.0 0.0 0.00483577142731
984.0 0.0 0.0 0.00486407808179
983.0 0.0 0.0 0.00488282742218
982.0 0.0 0.0 0.00490034414818
981.0 0.0 0.0 0.00491264126148
980.0 0.0 0.0 0.00492444397749
979.0 0.0 0.0 0.00493559761595
978.0 0.0 0.0 0.00494500469049
977.0 0.0 0.0 0.00495493468717
976.0 0.0 0.0 0.0049624244368
975.0 0.0 0.0 0.00497073402267
974.0 0.0 0.0 0.0049780905743
973.0 0.0 0.0 0.00498544508063
972.0 0.0 0.0 0.00499270992972
971.0 0.0 0.0 0.00499885954695
970.0 0.0 0.0 0.00500589722644
969.0 0.0 0.0 0.00501195036985
968.0 0.0 0.0 0.00501945853108
967.0 0.0 0.0 0.00502606080344
966.0 0.0 0.0 0.00503179761445
965.0 0.0 0.0 0.00503838158152
964.0 0.0 0.0 0.00504513120297
963.0 0.0 0.0 0.00505110598669
962.0 0.0 0.0 0.00505791376918
961.0 0.0 0.0 0.00506402760141
960.0 0.0 0.0 0.00507064904486
959.0 0.0 0.0 0.00507734178182
958.0 0.0 0.0 0.00508377605115
957.0 0.0 0.0 0.00508945259651
956.0 0.0 0.0 0.00509630280419
955.0 0.0 0.0 0.00510307817271
954.0 0.0 0.0 0.00510891846861
953.0 0.0 0.0 0.00511539412525
952.0 0.0 0.0 0.0051213402786
951.0 0.0 0.0 0.0051278043291
950.0 0.0 0.0 0.00513411592589
949.0 0.0 0.0 0.00514077395312
948.0 0.0 0.0 0.00514743265381
947.0 0.0 0.0 0.00515343817677
946.0 0.0 0.0 0.00515990171163
945.0 0.0 0.0 0.00516671971692
944.0 0.0 0.0 0.00517390239627
943.0 0.0 0.0 0.00518056218981
942.0 0.0 0.0 0.00518671019999
941.0 0.0 0.0 0.00519274835591
940.0 0.0 0.0 0.00519790310269
939.0 0.0 0.0 0.00520463865855
938.0 0.0 0.0 0.00521108519517
937.0 0.0 0.0 0.0052181076321
936.0 0.0 0.0 0.00522511660955
935.0 0.0 0.0 0.00523122729514
934.0 0.0 0.0 0.00523746597725
933.0 0.0 0.0 0.00524334732864
932.0 0.0 0.0 0.00524944098726
931.0 0.0 0.0 0.00525549114411
930.0 0.0 0.0 0.0052624499528
929.0 0.0 0.0 0.00526930230317
928.0 0.0 0.0 0.0052758207111
927.0 0.0 0.0 0.00528312140134
926.0 0.0 0.0 0.00528943615653
925.0 0.0 0.0 0.00529590258492
924.0 0.0 0.0 0.00530328212466
923.0 0.0 0.0 0.00530991823443
922.0 0.0 0.0 0.00531685445929
921.0 0.0 0.0 0.00532299634397
920.0 0.0 0.0 0.00532846391626
919.0 0.0 0.0 0.00533513351171
918.0 0.0 0.0 0.00534212869187
917.0 0.0 0.0 0.00534839987952
916.0 0.0 0.0 0.00535484343216
915.0 0.0 0.0 0.00536250491448
914.0 0.0 0.0 0.00536895798594
913.0 0.0 0.0 0.00537560849768
912.0 0.0 0.0 0.00538289973626
911.0 0.0 0.0 0.00539032313926
910.0 0.0 0.0 0.00539754011546
909.0 0.0 0.0 0.00540563057817
908.0 0.0 0.0 0.00541220354349
907.0 0.0 0.0 0.0054197450824
906.0 0.0 0.0 0.00542709966344
905.0 0.0 0.0 0.00543389123572
904.0 0.0 0.0 0.00544030220709
903.0 0.0 0.0 0.00544921157528
902.0 0.0 0.0 0.00545664541885
901.0 0.0 0.0 0.00546412001143
900.0 0.0 0.0 0.00547155011253
899.0 0.0 0.0 0.00547899489136
898.0 0.0 0.0 0.00548646652718
897.0 0.0 0.0 0.00549357168039
896.0 0.0 0.0 0.0055012762884
895.0 0.0 0.0 0.00551018418275
894.0 0.0 0.0 0.00551719605771
893.0 0.0 0.0 0.00552424576551
892.0 0.0 0.0 0.00553005089144
891.0 0.0 0.0 0.00553732182208
890.0 0.0 0.0 0.00554506638946
889.0 0.0 0.0 0.00555117991665
888.0 0.0 0.0 0.0055580372118
887.0 0.0 0.0 0.00556450336748
886.0 0.0 0.0 0.00557079462491
885.0 0.0 0.0 0.00557899708987
884.0 0.0 0.0 0.00558640432277
883.0 0.0 0.0 0.00559361135621
882.0 0.0 0.0 0.00560070676865
881.0 0.0 0.0 0.00560770158471
880.0 0.0 0.0 0.00561469300607
879.0 0.0 0.0 0.00562176767422
878.0 0.0 0.0 0.00562877507027
877.0 0.0 0.0 0.00563540936227
876.0 0.0 0.0 0.00564247350896
875.0 0.0 0.0 0.00564822173223
874.0 0.0 0.0 0.00565581413576
873.0 0.0 0.0 0.00566306919027
872.0 0.0 0.0 0.00567008277279
871.0 0.0 0.0 0.00567742632465
870.0 0.0 0.0 0.00568410763236
869.0 0.0 0.0 0.00569233767272
868.0 0.0 0.0 0.00570027390366
867.0 0.0 0.0 0.00570763112168
866.0 0.0 0.0 0.0057167209221
865.0 0.0 0.0 0.00572513018498
864.0 0.0 0.0 0.00573393049872
863.0 0.0 0.0 0.00574146153693
862.0 0.0 0.0 0.00574831657299
861.0 0.0 0.0 0.0057561536046
860.0 0.0 0.0 0.00576301795841
859.0 0.0 0.0 0.00577108963197
858.0 0.0 0.0 0.00577966546531
857.0 0.0 0.0 0.00578890100493
856.0 0.0 0.0 0.0057968685454
855.0 0.0 0.0 0.00580377519345
854.0 0.0 0.0 0.00581093121326
853.0 0.0 0.0 0.00581918027603
852.0 0.0 0.0 0.00582630132133
851.0 0.0 0.0 0.00583407080523
850.0 0.0 0.0 0.0058410340639
849.0 0.0 0.0 0.00584871439086
848.0 0.0 0.0 0.00585748479573
847.0 0.0 0.0 0.00586563976737
846.0 0.0 0.0 0.00587442270356
845.0 0.0 0.0 0.0058834322848
844.0 0.0 0.0 0.00588988030182
843.0 0.0 0.0 0.00589844704954
842.0 0.0 0.0 0.00590655818452
841.0 0.0 0.0 0.00591373269583
840.0 0.0 0.0 0.00592363723136
839.0 0.0 0.0 0.00593194854704
838.0 0.0 0.0 0.00594027003198
837.0 0.0 0.0 0.0059486404614
836.0 0.0 0.0 0.00595757132176
835.0 0.0 0.0 0.00596522194948
834.0 0.0 0.0 0.00597373600207
833.0 0.0 0.0 0.00598394734573
832.0 0.0 0.0 0.00599231233244
831.0 0.0 0.0 0.00600113051906
830.0 0.0 0.0 0.00601040553697
829.0 0.0 0.0 0.00601915128933
828.0 0.0 0.0 0.00602708783215
827.0 0.0 0.0 0.00603467125649
826.0 0.0 0.0 0.00604385353814
825.0 0.0 0.0 0.00605288810359
824.0 0.0 0.0 0.00606014932585
823.0 0.0 0.0 0.00606960203413
822.0 0.0 0.0 0.0060802042675
821.0 0.0 0.0048230453408 0.00608932557994
820.0 0.0 0.00484637471773 0.00609915193908
819.0 0.0 0.00486377645289 0.00610757081661
818.0 0.0 0.00487685253088 0.00611769999494
817.0 0.0 0.00488902277061 0.00612783857959
816.0 0.0 0.004896444654 0.00613622324654
815.0 0.0 0.00490469125641 0.00614453602934
814.0 0.0 0.00491156436646 0.00615331788669
813.0 0.0 0.00491797738842 0.00616218734715
812.0 0.0 0.00492556405443 0.00617233338251
811.0 0.0 0.00493290765215 0.00618134076828
810.0 0.0 0.00493886127375 0.00619100858344
809.0 0.0 0.00494464353251 0.00619970379857
808.0 0.0 0.00495066537617 0.00621008650546
807.0 0.0 0.00495546807933 0.00621889625243
806.0 0.0 0.00496008921171 0.00622730541258
805.0 0.0 0.00496397370182 0.00623455273882
804.0 0.0 0.00497003129563 0.00624340002892
803.0 0.0 0.00497438402083 0.00625217987654
802.0 0.0 0.00497905301404 0.00626082955325
801.0 0.0 0.00498359227584 0.00627039154152
800.0 0.0 0.00498793768533 0.00627965880514
799.0 0.0 0.00499238197148 0.00628843300031
798.0 0.0 0.00499656380287 0.00629744494178
797.0 0.0 0.00500047632231 0.00630655940272
796.0 0.0 0.00500442122338 0.00631516402206
795.0 0.0 0.00500804026317 0.00632324729676
794.0 0.0 0.00501202386868 0.00633325664934
793.0 0.0 0.00501646674652 0.00634255377529
792.0 0.0 0.00502057064769 0.00635248434488
791.0 0.0 0.00502530857636 0.00636328394225
790.0 0.0 0.00502923309493 0.00637311618743
789.0 0.0 0.00503402213081 0.00638303578443
788.0 0.0 0.0050376906121 0.00639275636917
787.0 0.0 0.00504153419357 0.00640082298609
786.0 0.0 0.0050455193672 0.0064122469067
785.0 0.0 0.00504929564994 0.00642148525711
784.0 0.0 0.00505239629012 0.00642777719998
783.0 0.0 0.00505676521164 0.00643721247388
782.0 0.0 0.0050603747343 0.00644583354746
781.0 0.0 0.00506456060363 0.00645546664168
780.0 0.0 0.00506775730265 0.00646491410211
779.0 0.0 0.0050717723849 0.00647543715394
778.0 0.0 0.00507503945328 0.00648351862679
777.0 0.0 0.00507846663478 0.00649277744771
776.0 0.0 0.00508250914308 0.00650271001505
775.0 0.0 0.00508621913343 0.00651284081054
774.0 0.0 0.00508977577058 0.00652198778749
773.0 0.0 0.00509344492959 0.00653269174378
772.0 0.0 0.00509672384927 0.00654152041347
771.0 0.0 0.00510015286238 0.00655088833235
770.0 0.0 0.00510435051346 0.00656441473111
769.0 0.0 0.00510745429491 0.00657416584174
768.0 0.0 0.00511087468273 0.00658472250094
767.0 0.0 0.00511441534577 0.00659468310321
766.0 0.0 0.00511795813951 0.00660583913128
765.0 0.0 0.00512148884827 0.00661617721472
764.0 0.0 0.00512545407373 0.00662870117535
763.0 0.0 0.00512915125334 0.00663799213507
762.0 0.0 0.00513218762166 0.00664721417819
761.0 0.0 0.0051354318957 0.00665651357526
760.0 0.0 0.00513842148788 0.00666582972153
759.0 0.0 0.00514193032603 0.00667518770931
758.0 0.0 0.00514523588902 0.00668562617932
757.0 0.0 0.00514922157962 0.00669809010768
756.0 0.0 0.00515293377112 0.00670796060609
755.0 0.0 0.00515623708215 0.00671838502579
754.0 0.0 0.00515988249283 0.00672853855638
753.0 0.0 0.00516374346598 0.00674043826957
752.0 0.0 0.00516766890359 0.00675189284067
751.0 0.0 0.00517049852359 0.00676161805363
750.0 0.0 0.00517342336642 0.00677286852247
749.0 0.0 0.00517728215334 0.00678421508487
748.0 0.0 0.00518058264322 0.00679175842289
747.0 0.0 0.00518438785562 0.00680357447655
746.0 0.0 0.00518835049244 0.00681372692773
745.0 0.0 0.00519173243459 0.00682472875104
744.0 0.0 0.00519470354661 0.00683489378522
743.0 0.0 0.00519790368184 0.00684469420685
742.0 0.0 0.00520105028461 0.00685516917458
741.0 0.0 0.00520473944227 0.00686652159701
740.0 0.0 0.00520860158286 0.00687767482879
739.0 0.0 0.00521244593041 0.00688880825543
738.0 0.0 0.00521609952498 0.00689954457713
737.0 0.0 0.00521951475501 0.0069098489249
736.0 0.0 0.00522306702641 0.00691970082414
735.0 0.0 0.0052261723834 0.00692922432067
734.0 0.0 0.00522903547802 0.00693964922851
733.0 0.0 0.00523211984795 0.00694983267817
732.0 0.0 0.0052357646466 0.00696136190922
731.0 0.0 0.00523958428877 0.00697346576567
730.0 0.0 0.00524240413595 0.00698361992721
729.0 0.0 0.00524586419632 0.00699604038564
728.0 0.0 0.00525003021694 0.00700857977304
727.0 0.0 0.00525276244232 0.00701775440276
726.0 0.0 0.00525542267504 0.00702928243402
725.0 0.0 0.00525921864289 0.00704011790507
724.0 0.0 0.00526278683591 0.00705153404286
723.0 0.0 0.00526581418681 0.0070622255276
722.0 0.0 0.0052694287149 0.00707357291124
721.0 0.0 0.0052727516787 0.00708466528472
720.0 0.0 0.0052758360981 0.00709644019548
719.0 0.0 0.00527886027647 0.00710576020099
718.0 0.0 0.00528208752336 0.00711741652017
717.0 0.0 0.0052856124639 0.00713006875381
716.0 0.0 0.00528889544106 0.00714133372458
715.0 0.0 0.00529249004964 0.00715430740424
714.0 0.0 0.00529556177578 0.00716647054462
713.0 0.0 0.00529945239508 0.00718069999435
712.0 0.0 0.00530275703254 0.00719126428108
711.0 0.0 0.00530643405102 0.00720248469208
710.0 0.0 0.00530894214085 0.00721459497872
709.0 0.0 0.00531167640351 0.00722318470254
708.0 0.0 0.0053150531774 0.00723383174496
707.0 0.0 0.00531817446491 0.00724537583807
706.0 0.0 0.0053208999267 0.00725609473793
705.0 0.0 0.0053235722956 0.0072686397214
704.0 0.0 0.00532587148303 0.00727939782488
703.0 0.0 0.00532900842237 0.00729124094069
702.0 0.0 0.00533198961079 0.00730389371101
701.0 0.0 0.00533513098786 0.00731616837256
700.0 0.0 0.00533821448497 0.00732717408972
699.0 0.0 0.0053410168234 0.00733758534962
698.0 0.0 0.00534405603908 0.00734997746759
697.0 0.0 0.00534693049219 0.00736359829074
696.0 0.0 0.00534984792165 0.00737712972525
695.0 0.0 0.00535362453133 0.00738932744702
694.0 0.0 0.0053569681295 0.00740376940107
693.0 0.0 0.00535977169763 0.00741413719568
692.0 0.0 0.00536343076309 0.00742711307826
691.0 0.0 0.005366608056 0.00744106273239
690.0 0.0 0.00536928365324 0.00745329750471
689.0 0.0 0.00537266950768 0.00746511474605
688.0 0.0 0.00537581338228 0.0074779478356
687.0 0.0 0.0053789415163 0.00749072924969
686.0 0.0 0.00538214372126 0.00750380970357
685.0 0.0 0.00538509952772 0.00751588309235
684.0 0.0 0.00538788250683 0.00752728009369
683.0 0.0 0.00539077634177 0.00753836234002
682.0 0.0 0.00539339129181 0.0075517180023
681.0 0.0 0.00539683149069 0.00756608447271
680.0 0.0 0.00539987622814 0.00757798740735
679.0 0.0 0.00540222660455 0.00758991455497
678.0 0.0 0.0054056340749 0.00760457386627
677.0 0.0 0.00540886848388 0.00761659824527
676.0 0.0 0.00541201882895 0.00762972988525
675.0 0.0 0.00541466646786 0.00764251709572
674.0 0.0 0.00541739146948 0.00765594535682
673.0 0.0 0.00541957465978 0.0076666516554
672.0 0.0 0.00542296816904 0.00767907258084
671.0 0.0 0.0054252250697 0.00769085643511
670.0 0.0 0.00542741014247 0.00770007335217
669.0 0.0 0.00542954460385 0.00771358592583
668.0 0.0 0.00543183564184 0.00772456139612
667.0 0.0 0.00543545256304 0.00773923858949
666.0 0.0 0.00543764064474 0.00774861212592
665.0 0.0 0.0054399869577 0.00775982238877
664.0 0.0 0.00544329402593 0.00777368712404
663.0 0.0 0.00544621151222 0.00778655127127
662.0 0.0 0.00544961894671 0.00780029839534
661.0 0.0 0.00545268323272 0.00781408584502
660.0 0.0 0.00545496048161 0.00782466008759
659.0 0.0 0.00545772716424 0.00783702634536
658.0 0.0 0.00545964801054 0.00785038215877
657.0 0.0 0.00546221073671 0.00786247167823
656.0 0.0 0.00546562201162 0.00787884550306
655.0 0.0 0.00546880278623 0.00789549957401
654.0 0.0 0.00547154750761 0.0079126204067
653.0 0.0 0.00547331564484 0.00792541733769
652.0 0.0 0.0054753020484 0.00793432703542
651.0 0.0 0.00547763903624 0.00794651326676
650.0 0.0 0.00548005023309 0.00795814516476
649.0 0.0 0.00548259635982 0.00797334478843
648.0 0.0 0.0054853336061 0.00798733627264
647.0 0.0 0.0054873388635 0.00800080517814
646.0 0.0 0.00549063572556 0.0080183677946
645.0 0.0 0.00549339644339 0.00803055863357
644.0 0.0 0.00549575819218 0.00804334979455
643.0 0.0 0.00549841649177 0.00805606283833
642.0 0.0 0.00550081359428 0.00806891491548
641.0 0.0 0.00550365959089 0.0080810791027
640.0 0.0 0.00550621958296 0.00809479982918
639.0 0.0 0.00550934343145 0.00810686787999
638.0 0.0 0.00551232584947 0.00811908221652
637.0 0.0 0.00551478712912 0.00813421158506
636.0 0.0 0.00551689440688 0.00814787421245
635.0 0.0 0.00551972238792 0.0081639947555
634.0 0.0 0.00552210802057 0.00817881822224
633.0 0.0 0.0055245323376 0.00819376588833
632.0 0.0 0.00552629654065 0.00820689321066
631.0 0.0 0.00552793694287 0.00822138307636
630.0 0.0 0.00552974890523 0.00823594118145
629.0 0.0 0.0055320972847 0.00825113179933
628.0 0.0 0.00553377325363 0.00826334467707
627.0 0.0 0.00553569399138 0.00827820914014
626.0 0.0 0.00553743879505 0.00829099453919
625.0 0.0 0.00553945376625 0.00830607954573
624.0 0.0 0.00554167421472 0.00831776279272
623.0 0.0 0.00554322089781 0.00833201987218
622.0 0.0 0.00554508306618 0.0083454257398
621.0 0.0 0.00554667859131 0.00836127227187
620.0 0.0 0.00554860866644 0.0083748584034
619.0 0.0 0.00555042350898 0.00838818389204
618.0 0.0 0.00555225735427 0.00840142630618
617.0 0.0 0.00555423444707 0.00841410210458
616.0 0.0 0.00555626891497 0.00843175646117
615.0 0.0 0.00555897441642 0.00844861015733
614.0 0.0 0.00556062023213 0.008463104404
613.0 0.0 0.00556339559611 0.00848317532652
612.0 0.0 0.00556449292143 0.00849619379868
611.0 0.0 0.00556676875425 0.00851262335533
610.0 0.0 0.00556883455307 0.00853076081173
609.0 0.0 0.00557001956131 0.0085442646954
608.0 0.0 0.00557215854571 0.00855609899
607.0 0.0 0.00557315895036 0.00857164837913
606.0 0.0 0.00557545683981 0.00858574211307
605.0 0.0 0.00557697255675 0.00860159072375
604.0 0.0 0.00557883091191 0.00861801894136
603.0 0.0 0.00558046815881 0.008631901074
602.0 0.0 0.00558240728673 0.00864752672881
601.0 0.0 0.00558366931063 0.00866361685214
600.0 0.0 0.0055854954266 0.0086799853671
599.0 0.0 0.00558728309444 0.00869406965425
598.0 0.0 0.00558822011004 0.00870398664466
597.0 0.0 0.0055905745647 0.00872017060329
596.0 0.0 0.0055922638272 0.00873257011952
595.0 0.0 0.00559337381939 0.00874954994506
594.0 0.0 0.00559441468157 0.00876552976994
593.0 0.0 0.00559588623898 0.00878302845186
592.0 0.0 0.00559742784597 0.00879882994496
591.0 0.0 0.00559946986531 0.00881627347008
590.0 0.0 0.00560125202869 0.00883021847838
589.0 0.0 0.00560296976587 0.00884762527762
588.0 0.0 0.00560428835988 0.00886281922165
587.0 0.0 0.00560630269418 0.008877255196
586.0 0.0 0.00560792238761 0.00889322217652
585.0 0.0 0.00560866218628 0.00890772412168
584.0 0.0 0.00561037294802 0.00892682251663
583.0 0.0 0.00561182623369 0.00894445102956
582.0 0.0 0.0056126077676 0.00896178311433
581.0 0.0 0.00561373090434 0.00898023717417
580.0 0.0 0.00561534863038 0.00899728341502
579.0 0.0 0.00561715572629 0.00901463031109
578.0 0.0 0.00561889315448 0.00903394674206
577.0 0.0 0.00561959766992 0.00904882494115
576.0 0.0 0.00562062690108 0.00906313635012
575.0 0.0 0.00562209602789 0.00908374691615
574.0 0.0 0.00562235428119 0.00909658521902
573.0 0.0 0.00562365525645 0.00910990018444
572.0 0.0 0.00562483305258 0.00912598047881
571.0 0.0 0.00562547288764 0.00914347409033
570.0 0.0 0.00562541880206 0.0091533062663
569.0 0.0 0.00562598846005 0.00916577366626
568.0 0.0 0.00562678959946 0.00917917620885
567.0 0.0 0.0056281408691 0.00919767324438
566.0 0.0 0.00562881851578 0.00921440599064
565.0 0.0 0.00562952902025 0.00923100608598
564.0 0.0 0.00562999645381 0.00924842554089
563.0 0.0 0.00563054047717 0.00926371359013
562.0 0.0 0.00563065526729 0.00927758925666
561.0 0.0 0.00563127896047 0.00929437112407
560.0 0.0 0.00563181097938 0.00930793782043
559.0 0.0 0.00563238596798 0.00932093027688
558.0 0.0 0.00563348668337 0.00934300106829
557.0 0.0 0.00563441270416 0.00935728807743
556.0 0.0 0.00563517584091 0.00937483207556
555.0 0.0 0.00563537528571 0.00938867915503
554.0 0.0 0.00563611659336 0.0094057350743
553.0 0.0 0.00563619875274 0.00942175928062
552.0 0.0 0.00563650944484 0.00944247356474
551.0 0.0 0.00563747064013 0.00946019053175
550.0 0.0 0.00563781409184 0.00947936906172
549.0 0.0 0.00563873502313 0.00949702409836
548.0 0.0 0.00563975261919 0.00951475763177
547.0 0.0 0.00563980262067 0.00953631114957
546.0 0.0 0.00564019119683 0.00955164878535
545.0 0.0 0.00564035078082 0.00956684816344
544.0 0.0 0.00564130401759 0.00958688019199
543.0 0.0 0.00564187930774 0.00960796997908
542.0 0.0 0.00564277152446 0.00962798808725
541.0 0.0 0.00564300105559 0.00964383095091
540.0 0.0 0.00564300105559 0.00965974101168
539.0 0.0 0.0056440708313 0.00967557655438
538.0 0.0 0.00564449792212 0.00969517535254
537.0 0.0 0.00564436058489 0.00970929305963
536.0 0.0 0.00564528375369 0.00973028466915
535.0 0.0 0.00564601995964 0.00975115566347
534.0 0.0 0.00564593750882 0.00976434655952
533.0 0.0 0.00564565832641 0.00977885346029
532.0 0.0 0.00564552434664 0.00979541266997
531.0 0.0 0.00564590317018 0.00981550661654
530.0 0.0 0.00564612854692 0.0098328435383
529.0 0.0 0.00564600594421 0.0098512861848
528.0 0.0 0.00564596885114 0.00986797983683
527.0 0.0 0.00564601995964 0.00989462544814
526.0 0.0 0.00564600594421 0.00990680807092
525.0 0.0 0.00564603651926 0.00992790749822
524.0 0.0 0.00564607288696 0.00994184709232
523.0 0.0 0.00564529842313 0.00995680859498
522.0 0.0 0.00564537485577 0.00997469339983
521.0 0.0 0.00564527710104 0.00999383864338
520.0 0.0 0.00564521168698 0.0100088530521
519.0 0.0 0.00564436058489 0.0100243406658
518.0 0.0 0.00564501394317 0.0100449077709
517.0 0.0 0.00564516282138 0.0100685812246
516.0 0.0 0.00564414536873 0.0100784976847
515.0 0.0 0.00564384062284 0.0100957421266
514.0 0.0 0.00564397431335 0.010117006029
513.0 0.0 0.00564400734205 0.0101330098932
512.0 0.0 0.00564373033989 0.0101496529324
511.0 0.0 0.00564315231165 0.0101677049893
510.0 0.0 0.00564262164427 0.0101876025505
509.0 0.0 0.00564180119245 0.0102036240665
508.0 0.0 0.00564159337488 0.0102248890496
507.0 0.0 0.00564087289282 0.0102422678742
506.0 0.0 0.00564118765745 0.0102674816961
505.0 0.0 0.00564015971097 0.0102862647809
504.0 0.0 0.00563885216024 0.0103003482313
503.0 0.0 0.00563867442665 0.0103121663566
502.0 0.0 0.00563795073904 0.0103291547169
501.0 0.0 0.00563739270698 0.0103461037237
500.0 0.0 0.00563613901807 0.0103649071606
499.0 0.0 0.00563537528571 0.0103846423241
498.0 0.0 0.00563515683267 0.0104043155667
497.0 0.0 0.00563374953289 0.0104185820064
496.0 0.0 0.00563302044279 0.0104350182232
495.0 0.0 0.00563250344582 0.0104509232335
494.0 0.0 0.00563142909975 0.0104668388582
493.0 0.0 0.00563055199984 0.0104815562801
492.0 0.0 0.00562931705285 0.0104946994607
491.0 0.0 0.0056281408691 0.0105170959128
490.0 0.0 0.00562676838822 0.0105316834184
489.0 0.0 0.00562545942999 0.0105491964631
488.0 0.0 0.00562396605186 0.0105675190414
487.0 0.0 0.005622837808 0.0105910231262
486.0 0.0 0.00562115410933 0.0106092781723
485.0 0.0 0.00562014541719 0.0106287178288
484.0 0.0 0.00561864799083 0.0106471824633
483.0 0.0 0.00561692543538 0.0106657804671
482.0 0.0 0.00561524096113 0.0106822543467
481.0 0.0 0.00561398862752 0.0107049611028
480.0 0.0 0.00561227681462 0.0107227182004
479.0 0.0 0.00561038440897 0.0107351106896
478.0 0.0 0.00560803760328 0.0107484219325
477.0 0.0 0.00560591617292 0.0107620219229
476.0 0.0 0.00560436251626 0.0107815486295
475.0 0.0 0.00560260716225 0.0108059457919
474.0 0.0 0.00559964504009 0.010826265376
473.0 0.0 0.00559808916449 0.0108461719364
472.0 0.0 0.00559643410174 0.0108675886643
471.0 0.0 0.00559505416499 0.0108903788863
470.0 0.0 0.00559362790985 0.0109145493586
469.0 0.0 0.00559110513653 0.0109363275607
468.0 0.0 0.00558858688427 0.0109538843472
467.0 0.0 0.00558637223326 0.0109690840823
466.0 0.0 0.00558351344545 0.0109896869438
465.0 0.0 0.00558118261145 0.0110034677312
464.0 0.0 0.00557926527064 0.0110265379894
463.0 0.0 0.0055774051632 0.0110424481121
462.0 0.0 0.00557562049994 0.0110702266109
461.0 0.0 0.00557249363289 0.0110843419365
460.0 0.0 0.00556989149129 0.0111070178512
459.0 0.0 0.0055684982368 0.0111263599344
458.0 0.0 0.00556655861132 0.0111449883631
457.0 0.0 0.00556370151526 0.0111645291529
456.0 0.0 0.005561285052 0.0111780326329
455.0 0.0 0.00555757021689 0.011185729604
454.0 0.0 0.00555548203177 0.011203022268
453.0 0.0 0.00555322412296 0.0112177218685
452.0 0.0 0.00555101977209 0.0112389993504
451.0 0.0 0.00554804199219 0.0112584700624
450.0 0.0 0.00554566243945 0.0112711965635
449.0 0.0 0.00554264595619 0.0112934954614
448.0 0.0 0.00553900486074 0.0113088651649
447.0 0.0 0.00553592894739 0.0113201534671
446.0 0.0 0.00553304490505 0.0113354090056
445.0 0.0 0.00553038716555 0.0113509120984
444.0 0.0 0.00552805873892 0.0113692342833
443.0 0.0 0.00552587442142 0.0113879641668
442.0 0.0 0.00552360858329 0.0114042294507
441.0 0.0 0.00552047843016 0.0114224984671
440.0 0.0 0.00551694714241 0.0114365189706
439.0 0.0 0.00551367602092 0.0114523813818
438.0 0.0 0.00550942339038 0.0114680206172
437.0 0.0 0.00550494075505 0.0114887402513
436.0 0.0 0.0055019776824 0.0115019586777
435.0 0.0 0.00549873177357 0.0115179549422
434.0 0.0 0.00549567815722 0.0115300391579
433.0 0.0 0.00549213147182 0.0115535674123
432.0 0.0 0.00548817076921 0.0115701087506
431.0 0.0 0.00548547285052 0.0115928490587
430.0 0.0 0.00548239488691 0.0116140671396
429.0 0.0 0.00547887590582 0.0116236870125
428.0 0.0 0.0054741575317 0.0116392895072
427.0 0.0 0.00547122404075 0.0116527701526
426.0 0.0 0.00546712874879 0.0116716552823
425.0 0.0 0.00546166179988 0.0116780265193
424.0 0.0 0.00545828880521 0.0116952784297
423.0 0.0 0.00545270565173 0.0116993511396
422.0 0.0 0.00544928506968 0.0117152646446
421.0 0.0 0.00544424784311 0.0117286564017
420.0 0.0 0.0054392692142 0.0117417305939
419.0 0.0 0.0054358919695 0.0117580510281
418.0 0.0 0.0054310994537 0.0117805820012
417.0 0.0 0.0054279363341 0.011798502547
416.0 0.0 0.00542327753884 0.0118136767803
415.0 0.0 0.00541850383246 0.0118252530417
414.0 0.0 0.00541386782484 0.0118393670368
413.0 0.0 0.00540934904987 0.0118594201361
412.0 0.0 0.00540356526725 0.0118671476137
411.0 0.0 0.00539911197401 0.0118826589657
410.0 0.0 0.00539433286664 0.0118959979936
409.0 0.0 0.00538974467379 0.011915671172
408.0 0.0 0.00538429763075 0.011923852717
407.0 0.0 0.00537940824746 0.0119417044774
406.0 0.0 0.00537471905679 0.0119572611649
405.0 0.0 0.00536878044602 0.0119735809667
404.0 0.0 0.00536440131754 0.0119871067027
403.0 0.0 0.00535881080948 0.0119973536903
402.0 0.0 0.005353983921 0.0120050544793
401.0 0.0 0.00534848050136 0.0120192259628
400.0 0.0 0.00534463194234 0.0120360997784
399.0 0.0 0.00533987291246 0.0120522441895
398.0 0.0 0.00533412583016 0.0120589953691
397.0 0.0 0.00532876631939 0.012069700365
396.0 0.0 0.00532381543596 0.0120801473883
395.0 0.0 0.00532003242209 0.012094309331
394.0 0.0 0.00531408888418 0.0121080541343
393.0 0.0 0.00530856921597 0.0121218553543
392.0 0.0 0.00530340084019 0.0121360294955
391.0 0.0 0.00529822091401 0.0121411075557
390.0 0.0 0.00529289317569 0.0121541684485
389.0 0.0 0.00528695485821 0.0121611669508
388.0 0.0 0.00528094129501 0.0121802115821
387.0 0.0 0.0052754400781 0.0121964388935
386.0 0.0 0.00526956409977 0.0122135030885
385.0 0.0 0.00526300268719 0.0122236862902
384.0 0.0 0.00525740406476 0.0122310615267
383.0 0.0 0.00525097039066 0.0122399161101
382.0 0.0 0.00524349399252 0.0122497991648
381.0 0.0 0.00523728777539 0.0122580008835
380.0 0.0 0.00523113997866 0.0122674389796
379.0 0.0 0.00522534280435 0.0122774148568
378.0 0.0 0.00521860777972 0.0122904187874
377.0 0.0 0.00521117883364 0.0123065504574
376.0 0.0 0.00520416545215 0.0123184852629
375.0 0.0 0.00519556580403 0.0123195064082
374.0 0.0 0.00518920237905 0.0123291810565
373.0 0.0 0.00518092083227 0.0123353367917
372.0 0.0 0.00517469177225 0.0123448280068
371.0 0.0 0.00516835576824 0.0123545255069
370.0 0.0 0.0051625371163 0.0123728970314
369.0 0.0 0.00515566633784 0.0123937268158
368.0 0.0 0.00514786375408 0.0123978901828
367.0 0.0 0.00514104283101 0.0124108987886
366.0 0.0 0.00513405081175 0.012416055887
365.0 0.0 0.00512769554633 0.012426523717
364.0 0.0 0.0051198185331 0.01242741435
363.0 0.0 0.00511256517647 0.0124371995552
362.0 0.0 0.0051048777722 0.0124475201389
361.0 0.0 0.00509801910083 0.0124566526513
360.0 0.0 0.00508999021578 0.0124585061381
359.0 0.0 0.00508127522791 0.012462002784
358.0 0.0 0.00507234729839 0.0124666171306
357.0 0.0 0.00506462054076 0.0124744012717
356.0 0.0 0.00505711914468 0.0124790144926
355.0 0.0 0.00504805543312 0.01247492241
354.0 0.0 0.00504004093912 0.012482918337
353.0 0.0 0.00503158924181 0.0124845366099
352.0 0.0 0.00502294304365 0.0124965015338
351.0 0.0 0.00501504882461 0.0125047740862
350.0 0.0 0.00500538962425 0.012511388071
349.0 0.0 0.00499617781923 0.0125163253871
348.0 0.0 0.00498599396638 0.0125141962059
347.0 0.0 0.00497502221136 0.0125164335284
346.0 0.0 0.0049620533281 0.0125210001925
345.0 0.0 0.00495215005007 0.0125212534281
344.0 0.0 0.00494071620232 0.012523349217
343.0 0.0 0.00492689336276 0.0125297234123
342.0 0.0 0.00491192183571 0.012530977455
341.0 0.0 0.00489019374202 0.0125316386461
340.0 0.0 0.0048660977039 0.0125325133374
339.0 0.0 0.00483092492002 0.0125316386461
338.0 0.0 0.0 0.0125325133374
337.0 0.0 0.0 0.0125361928509
336.0 0.0 0.0 0.0125412330582
335.0 0.0 0.0 0.0125391332462
334.0 0.0 0.0 0.0125374962675
333.0 0.0 0.0 0.0125419352184
332.0 0.0 0.0 0.0125391332462
331.0 0.0 0.0 0.0125434578633
330.0 0.0 0.0 0.0125514125337
329.0 0.0 0.0 0.0125514125337
328.0 0.0 0.0 0.0125519048096
327.0 0.0 0.0 0.0125412330582
326.0 0.0 0.0 0.0125385742887
325.0 0.0 0.0 0.0125356081891
324.0 0.0 0.0 0.0125325133374
323.0 0.0 0.0 0.0125343539481
322.0 0.0 0.0 0.0125357383051
321.0 0.0 0.0 0.012533398499
320.0 0.0 0.0 0.0125243825952
319.0 0.0 0.0 0.0125230937748
318.0 0.0 0.0 0.0125237762939
317.0 0.0 0.0 0.012523349217
316.0 0.0 0.0 0.0125255205327
315.0 0.0 0.0 0.0125305133159
314.0 0.0 0.0 0.0125243825952
313.0 0.0 0.0 0.0125147064383
312.0 0.0 0.0 0.012523349217
311.0 0.0 0.0 0.0125286929176
310.0 0.0 0.0 0.0125212140559
309.0 0.0 0.0 0.0125214260285
308.0 0.0 0.0 0.012523349217
307.0 0.0 0.0 0.0125163253871
306.0 0.0 0.0 0.0125142993094
305.0 0.0 0.0 0.0125142993094
304.0 0.0 0.0 0.012523349217
303.0 0.0 0.0 0.012523349217
302.0 0.0 0.0 0.0125356081891
301.0 0.0 0.0 0.012543203975
300.0 0.0 0.0 0.0125607285537
299.0 0.0 0.0 0.0125484344679
298.0 0.0 0.0 0.0125514125337
297.0 0.0 0.0 0.0125746725978
296.0 0.0 0.0 0.0125688374009
295.0 0.0 0.0 0.0125749300196
294.0 0.0 0.0 0.0125802776634
293.0 0.0 0.0 0.0125713239304
292.0 0.0 0.0 0.0125749300196
291.0 0.0 0.0 0.0125814772025
290.0 0.0 0.0 0.0125775451002
289.0 0.0 0.0 0.0125787379508
288.0 0.0 0.0 0.0125875014476
287.0 0.0 0.0 0.0125907972269
286.0 0.0 0.0 0.0126022423313
285.0 0.0 0.0 0.0125962450012
284.0 0.0 0.0 0.0126022423313
283.0 0.0 0.0 0.01264086407
282.0 0.0 0.0 0.012644920397
281.0 0.0 0.0 0.012657674425
280.0 0.0 0.0 0.0126668389235
279.0 0.0 0.0 0.0126644719558
278.0 0.0 0.0 0.012677282534
277.0 0.0 0.0 0.0127020111012
276.0 0.0 0.0 0.0127295754485
275.0 0.0 0.0 0.0127303385531
274.0 0.0 0.0 0.0127475481415
273.0 0.0 0.0 0.012786067522
272.0 0.0 0.0 0.0128047706782
271.0 0.0 0.0 0.0128463653375
270.0 0.0 0.0 0.0128952317373
269.0 0.0 0.0 0.0129220288296
268.0 0.0 0.0 0.0129440357466
267.0 0.0 0.0 0.0129742451449
266.0 0.0 0.0 0.0130234426207
265.0 0.0 0.0 0.0130615227223
264.0 0.0 0.0 0.0131034100655
263.0 0.0 0.0 0.0131339153528
262.0 0.0 0.0 0.013186387566
261.0 0.0 0.0 0.0132385046227
260.0 0.0 0.0 0.0132873030468
259.0 0.0 0.0 0.013351749431
258.0 0.0 0.0 0.0134323568638
257.0 0.0 0.0 0.0134983552785
256.0 0.0 0.0 0.0135397832873
255.0 0.0 0.0 0.0136059295515
254.0 0.0 0.0 0.0136696986394
253.0 0.0 0.0 0.0137533780567
252.0 0.0 0.0 0.0138061304053
251.0 0.0 0.0 0.0138715676686
250.0 0.0 0.0 0.0139461169495
249.0 0.0 0.0 0.0140504429803
248.0 0.0 0.0 0.0141043614523
247.0 0.0 0.0 0.014209130169
246.0 0.0 0.0 0.0142884098808
245.0 0.0 0.0 0.0143983617695
244.0 0.0 0.0 0.0144878712523
243.0 0.0 0.0 0.0145704999809
242.0 0.0 0.0 0.0146931089653
241.0 0.0 0.0 0.0148096117556
240.0 0.0 0.0 0.014915666052
239.0 0.0 0.0 0.0150050918313
238.0 0.0 0.0 0.0151301268559
237.0 0.0 0.0 0.0152800532452
236.0 0.0 0.0 0.015397449744
235.0 0.0 0.0 0.0155497084053
234.0 0.0 0.0 0.0157011703306
233.0 0.0 0.0 0.015867358427
232.0 0.0 0.0 0.0159878833977
231.0 0.0 0.0 0.0161674083496
230.0 0.0 0.0 0.0163635183188
229.0 0.0 0.0 0.0166514093022
228.0 0.0 0.0 0.0168393486488
227.0 0.0 0.0 0.0170182705412
226.0 0.0 0.0 0.0172597561259
225.0 0.0 0.0 0.0175298819069
224.0 0.0 0.0 0.0177811431608
223.0 0.0 0.0 0.018097677484
222.0 0.0 0.0 0.0183778321103
221.0 0.0 0.0 0.0186771629322
220.0 0.0 0.0 0.0189889283848
219.0 0.0 0.0 0.0193570108729
218.0 0.0 0.0 0.0197182829004
217.0 0.0 0.0 0.0201129588867
216.0 0.0 0.0 0.0206023023452
215.0 0.0 0.0 0.0211205197623
214.0 0.0 0.0 0.0216294439153
213.0 0.0 0.0 0.022246233566
212.0 0.0 0.0 0.0228621492052
211.0 0.0 0.00496505156921 0.0236936161469
210.0 0.0 0.00518561125989 0.0245586813964
209.0 0.0 0.00535441602613 0.0255621419058
208.0 0.0 0.00552095520668 0.0267057420277
207.0 0.0 0.00568459299372 0.0279634940333
206.0 0.0 0.00584286535312 0.0294267371292
205.0 0.0 0.00601850198229 0.0311755201239
204.0 0.0 0.00619695539154 0.0331884840318
203.0 0.0 0.00637565993526 0.0357245814731
202.0 0.0 0.00654746343495 0.0388255735826
201.0 0.0 0.00674984303532 0.0422040749612
200.0 0.0 0.00695469534816 0.0465018586987
199.0 0.0 0.00715940456695 0.0510876321483
198.0 0.0 0.00740666365563 0.0567402725234
197.0 0.0 0.00765823160795 0.0632417018449
196.0 0.0 0.00792500692612 0.0713009654706
195.0 0.0 0.00821481407461 0.0798842229582
194.0 0.0 0.00853585652244 0.0896827257782
193.0 0.0 0.00888544860051 0.100759041363
192.0 0.0 0.00928959611573 0.111749239199
191.0 0.0 0.00973380743445 0.124854195336
190.0 0.0 0.0102773047695 0.138388696116
189.0 0.0 0.0108583979007 0.152171775335
188.0 0.0 0.01155900413 0.1685051455
187.0 0.0 0.0123899493236 0.185783129424
186.0 0.0 0.0134776773153 0.203373781542
185.0 0.0 0.0146865539534 0.221751106064
184.0 0.0 0.0162780462837 0.24084057881
183.0 0.0 0.0183044867939 0.260672840258
182.0 0.0 0.0211964095546 0.280923746252
181.0 0.0 0.0251715372252 0.303730543407
180.0 0.0 0.0305632236993 0.328172428546
179.0 0.0 0.0375486658787 0.353268079955
178.0 0.0 0.0457670242064 0.379410912754
177.0 0.0 0.0557383332861 0.405659153042
176.0 0.00495858344884 0.0681684313245 0.436826928897
175.0 0.00550300369902 0.081833265266 0.464857504797
174.0 0.00585486721309 0.0959089817668 0.493547078965
173.0 0.00627502914134 0.109456543735 0.527538546047
172.0 0.00665449578964 0.122541816497 0.56358725871
171.0 0.00705290653494 0.135190976429 0.597788766653
170.0 0.00753461330745 0.147426365405 0.633870573404
169.0 0.00810360176209 0.159538688608 0.668019101328
168.0 0.00886506120386 0.170960852756 0.699985595282
167.0 0.00984483507148 0.182288277112 0.73526482155
166.0 0.0111286510485 0.193367264583 0.773958266696
165.0 0.012905051587 0.203677657886 0.802917626946
164.0 0.0155979170419 0.214395942006 0.839929597955
163.0 0.0206987853152 0.223852422225 0.878240189644
162.0 0.0285803285944 0.233065416617 0.904493731237
161.0 0.037791473563 0.241506923665 0.930117333759
160.0 0.0494760885496 0.249258596976 0.960901039682
159.0 0.0629841768222 0.256044120981 1.001278771
158.0 0.0757698047789 0.262483874561 1.01479452275
157.0 0.0849956192931 0.267384447932 1.03329157013
156.0 0.0915458485487 0.271381788932 1.042860445
155.0 0.0959995254662 0.274892982038 1.06006741614
154.0 0.0998962703702 0.27729905907 1.06648609431
153.0 0.102026812324 0.277995438389 1.06849457532
152.0 0.10349548049 0.27801128979 1.0725233877
151.0 0.104119634493 0.276863157857 1.07900580768
150.0 0.10451464307 0.27492197054 1.07133764111
149.0 0.104233663571 0.271465634461 1.05834059063
148.0 0.103968009112 0.267142979357 1.04795861732
147.0 0.103029619666 0.262094110112 1.04268997079
146.0 0.101899026122 0.256046578337 1.02919155489
145.0 0.100520445522 0.249778693544 1.00624301659
144.0 0.0991010626714 0.243042997024 1.00056028787
143.0 0.0975889652957 0.23553256795 0.967075362531
142.0 0.0960865337799 0.227779126803 0.939043998252
141.0 0.0945880441229 0.220011113142 0.901671838781
140.0 0.093180118128 0.212233080672 0.869866470849
139.0 0.0919166400899 0.205210276627 0.839746534137
138.0 0.0905015159851 0.19844136137 0.804975573471
137.0 0.089345809249 0.191644654765 0.770530950702
136.0 0.0882462059126 0.185398833028 0.732904577191
135.0 0.0870762246852 0.179133184179 0.696758409007
134.0 0.0859727512009 0.173373239987 0.659587936041
133.0 0.0850297983707 0.167622883174 0.622006636053
132.0 0.0841281667263 0.162779314177 0.586920405227
131.0 0.0832185994195 0.158272134738 0.549755921452
130.0 0.0825815123926 0.153816627214 0.516307053467
129.0 0.0818881556049 0.149841936912 0.485142637365
128.0 0.0812414009113 0.146247917957 0.454264650282
127.0 0.0806267492424 0.143179130333 0.423321150532
126.0 0.080062219705 0.140194493659 0.396065356397
125.0 0.0795323154109 0.137488099235 0.372202850276
124.0 0.0790449121088 0.134900290949 0.350935795228
123.0 0.0785929058765 0.13277337505 0.33234471656
122.0 0.0781339531909 0.130898976404 0.316498471913
121.0 0.0776738508631 0.129409139586 0.304039749441
120.0 0.0773046353915 0.127886319793 0.291797217339
119.0 0.0768840583707 0.126617186014 0.281911863103
118.0 0.0763181177287 0.125389831808 0.273018146027
117.0 0.0756860108525 0.124101172452 0.264982710017
116.0 0.0750819990041 0.123028433166 0.260094994672
115.0 0.0744618479927 0.12199822556 0.25485274229
114.0 0.0735815531149 0.120933031051 0.250026556314
113.0 0.0724438108835 0.119882926266 0.246809018115
112.0 0.0712920062623 0.118780583521 0.242584149634
111.0 0.0697414782291 0.11762022057 0.239964827783
110.0 0.0678450627683 0.116235527889 0.2366145952
109.0 0.0657540596721 0.114996251987 0.234064273564
108.0 0.063160996236 0.113624819684 0.230932652731
107.0 0.0603594662668 0.112015733469 0.227726247993
106.0 0.0569511725782 0.11023119476 0.224958933853
105.0 0.0537855760251 0.108318440197 0.22166921333
104.0 0.0507912720384 0.106287736942 0.218655925589
103.0 0.0482061333854 0.10408226871 0.21531501148
102.0 0.0459136534884 0.101634398827 0.211487497273
101.0 0.0439478118756 0.0990966337122 0.207245603336
100.0 0.0423946121862 0.0964514054242 0.202511963188
99.0 0.0410051355096 0.093819803885 0.198589913174
98.0 0.0398600779114 0.091120354635 0.193619668493
97.0 0.0388841258046 0.0883643805446 0.187990703194
96.0 0.0380164919363 0.0856351125669 0.181984405938
95.0 0.0372631197066 0.0831429015027 0.176485722845
94.0 0.0365049244819 0.0806451971633 0.172084141666
93.0 0.0357605984682 0.0782239286071 0.167162826583
92.0 0.0349322063764 0.0758647028796 0.162295128535
91.0 0.0338768954027 0.073645504824 0.157425777256
90.0 0.0321643810258 0.0714574441439 0.15242111016
89.0 0.0 0.0695663284002 0.148445410803
88.0 0.0 0.0678090362983 0.143842170549
87.0 0.0 0.0661426233427 0.139636296213
86.0 0.0 0.0645999388156 0.135864612594
85.0 0.0 0.0633001693503 0.13206959058
84.0 0.0 0.0618640836888 0.128482024619
83.0 0.0 0.0605313164079 0.124910709773
82.0 0.0 0.0592927500913 0.121247912471
81.0 0.0 0.0580804258374 0.118098730644
80.0 0.0 0.0568308230415 0.114777211899
79.0 0.0 0.0557021961469 0.111720321082
78.0 0.0 0.0546148198019 0.1089043457
77.0 0.0 0.0536563823634 0.106575778615
76.0 0.0 0.0526192903503 0.103899393022
75.0 0.0 0.0516377249517 0.101247346063
74.0 0.0 0.0505845208156 0.0989541830487
73.0 0.0 0.0495698191495 0.0964319743825
72.0 0.0 0.0485729067255 0.0942497380099
71.0 0.0 0.0475883960097 0.092275098988
70.0 0.0 0.046655087142 0.090123452543
69.0 0.0 0.045614137523 0.0879694716223
68.0 0.0 0.0446841464586 0.0860694709512
67.0 0.0 0.0437375634293 0.0842004120614
66.0 0.0 0.0427982097086 0.0823194985736
65.0 0.0 0.0418752287057 0.0805933171008
64.0 0.0 0.04095714581 0.078965957935
63.0 0.0 0.0399888338442 0.0774676159591
62.0 0.0 0.0390421236206 0.0758092848725
61.0 0.0 0.038078203923 0.0741614997717
60.0 0.0 0.0370202115692 0.0726278925191
59.0 0.0 0.0359327669523 0.0712720087915
58.0 0.0 0.0346424673357 0.0697210818881
57.0 0.0 0.0328356866105 0.06851665169
56.0 0.0 0.0 0.0671886879236
55.0 0.0 0.0 0.0659122049697
54.0 0.0 0.0 0.0646544058503
53.0 0.0 0.0 0.0635682613107
52.0 0.0 0.0 0.0624096286991
51.0 0.0 0.0 0.0613613021265
50.0 0.0 0.0 0.0602600584904
49.0 0.0 0.0 0.0592282887345
48.0 0.0 0.0 0.05821888053
47.0 0.0 0.0 0.0573004676666
46.0 0.0 0.0 0.0562630226646
45.0 0.0 0.0 0.055286349688
44.0 0.0 0.0 0.0544795754196
43.0 0.0 0.0 0.0536142777227
42.0 0.0 0.0 0.0527462359907
41.0 0.0 0.0 0.0519074669476
40.0 0.0 0.0 0.0511725237919
39.0 0.0 0.0 0.05036227773
38.0 0.0 0.0 0.0496411154543
37.0 0.0 0.0 0.0489664353446
36.0 0.0 0.0 0.0483068247077
35.0 0.0 0.0 0.0476037620192
34.0 0.0 0.0 0.046931892093
33.0 0.0 0.0 0.0462791191801
32.0 0.0 0.0 0.0455849180945
31.0 0.0 0.0 0.0449847595494
30.0 0.0 0.0 0.0443302165116
29.0 0.0 0.0 0.0437429350151
28.0 0.0 0.0 0.0431327622065
27.0 0.0 0.0 0.0425786784628
26.0 0.0 0.0 0.0420485531948
25.0 0.0 0.0 0.0415076808115
24.0 0.0 0.0 0.0409938937892
23.0 0.0 0.0 0.0404580324621
22.0 0.0 0.0 0.0399216228874
21.0 0.0 0.0 0.0393968026951
20.0 0.0 0.0 0.0389274491889
19.0 0.0 0.0 0.0384696378398
18.0 0.0 0.0 0.0379014032364
17.0 0.0 0.0 0.0373584882782
16.0 0.0 0.0 0.0368428336895
15.0 0.0 0.0 0.0362660367622
14.0 0.0 0.0 0.0357194294916
13.0 0.0 0.0 0.0350305987152
12.0 0.0 0.0 0.0342452692935
11.0 0.0 0.0 0.0333795375942
10.0 0.0 0.0 0.0321352864435
9.0 0.0 0.0 0.0
8.0 0.0 0.0 0.0
7.0 0.0 0.0 0.0
6.0 0.0 0.0 0.0
5.0 0.0 0.0 0.0
4.0 0.0 0.0 0.0
3.0 0.0 0.0 0.0
2.0 0.0 0.0 0.0
1.0 0.0 0.0 0.0
0.0 0.0 0.0 0.0
