agebin	5th	Median	95th
1000	0	0	0
999	0	0	0
998	0	0	0
997	0	0	0
996	0	0	0
995	0	0	0
994	0	0	0
993	0	0	0
992	0	0	0
991	0	0	0
990	0	0	0
989	0	0	0
988	0	0	0
987	0	0	0
986	0	0	0
985	0	0	7.74127471987E-005
984	0	0	9.66066440622E-005
983	0	0	0.0001120578
982	0	0	0.0001310987
981	0	0	0.0001494519
980	0	0	0.0001651671
979	0	0	0.0001798691
978	0	0	0.0001912332
977	0	0	0.0002041083
976	0	0	0.0002156635
975	0	0	0.0002282911
974	0	0	0.0002369813
973	0	0	0.0002474095
972	0	0	0.00025983
971	0	0	0.0002692346
970	0	0	0.000279191
969	0	0	0.0002880538
968	0	0	0.0002995642
967	0	0	0.0003088208
966	0	0	0.0003166601
965	0	0	0.0003279281
964	0	0	0.0003381028
963	0	0	0.0003464999
962	0	0	0.0003561861
961	0	0	0.0003628309
960	0	0	0.0003705078
959	0	0	0.0003787452
958	0	0	0.0003861287
957	0	0	0.0003939708
956	0	0	0.0004029664
955	0	0	0.0004103776
954	0	0	0.0004190096
953	0	0	0.0004301575
952	0	0	0.0004384441
951	0	0	0.0004454341
950	0	0	0.0004528409
949	0	0	0.000459828
948	0	0	0.000466665
947	0	0	0.0004736688
946	0	0	0.0004798638
945	0	0	0.0004873501
944	0	0	0.0004964222
943	0	0	0.0005011377
942	0	0	0.0005065816
941	0	0	0.0005116582
940	0	0	0.0005179932
939	0	0	0.0005266794
938	0	0	0.0005308932
937	0	0	0.0005367453
936	0	0	0.0005424756
935	0	0	0.0005454251
934	0	0	0.0005511536
933	0	0	0.0005561442
932	0	0	0.0005613255
931	0	0	0.0005691117
930	0	0	0.0005719316
929	0	0	0.0005766556
928	0	0	0.0005824466
927	0	0	0.0005858465
926	0	0	0.0005905389
925	0	0	0.0005933393
924	0	0	0.0005995797
923	0	0	0.0006042291
922	0	0	0.0006080742
921	0	0	0.0006125289
920	0	0	0.0006168242
919	0	0	0.0006217677
918	0	0	0.0006242692
917	0	0	0.0006292702
916	0	0	0.0006333777
915	0	0	0.0006398188
914	0	0	0.0006455741
913	0	0	0.0006482582
912	0	0	0.0006530013
911	0	0	0.0006564909
910	0	0	0.0006590554
909	0	0	0.0006634648
908	0	0	0.0006647979
907	0	0	0.0006681702
906	0	0	0.00067051
905	0	0	0.000674976
904	0	0	0.0006767194
903	0	0	0.0006795198
902	0	0	0.0006821004
901	0	0	0.0006853923
900	0	0	0.0006900414
899	0	0	0.0006934313
898	0	0	0.0006977956
897	0	0	0.0006989575
896	0	0	0.0007018957
895	0	0	0.0007040241
894	0	0	0.0007058491
893	0	0	0.0007105851
892	0	0	0.0007135199
891	0	0	0.0007197729
890	0	0	0.0007241709
889	0	0	0.0007268512
888	0	0	0.0007298671
887	0	0	0.0007304825
886	0	0	0.0007314398
885	0	0	0.0007326676
884	0	0	0.0007326676
883	0	0	0.0007333556
882	0	0	0.0007353875
881	0	0	0.000737442
880	0	0	0.0007415056
879	0	0	0.00074681
878	0	0	0.0007490387
877	0	0	0.0007537751
876	0	0	0.0007555912
875	0	0	0.0007555912
874	0	0	0.000757939
873	0	0	0.0007591496
872	0	0	0.0007596976
871	0	0	0.0007617776
870	0	0	0.0007648404
869	0	0	0.0007700473
868	0	0	0.0007707161
867	0	0	0.0007714638
866	0	0	0.000775151
865	0	0	0.0007790777
864	0	0	0.0007806372
863	0	0	0.0007837351
862	0	0	0.000785697
861	0	0	0.0007890092
860	0	0	0.0007905432
859	0	0	0.0007931555
858	0	0	0.0007935661
857	0	0	0.0007966592
856	0	0	0.0007983262
855	0	0	0.0008000713
854	0	0	0.0008017841
853	0	0	0.0008032891
852	0	0	0.0008053321
851	0	0	0.0008071954
850	0	0	0.0008103922
849	0	0	0.0008121313
848	0	0	0.0008144685
847	0	0	0.000817172
846	0	0	0.0008219987
845	0	0	0.0008257787
844	0	0	0.000826921
843	0	0	0.0008305604
842	0	0	0.0008310161
841	0	0	0.000831925
840	0	0	0.0008365206
839	0	0	0.0008399442
838	0	0	0.0008448565
837	0	0	0.0008474012
836	0	0	0.0008479094
835	0	0	0.0008501482
834	0	0	0.0008528554
833	0	0	0.0008566279
832	0	0	0.0008593571
831	0	0	0.0008595776
830	0	0	0.0008612263
829	0	0	0.0008625821
828	0	0	0.0008666355
827	0	0	0.0008704005
826	0	5.41236784179E-005	0.0008738677
825	0	5.90605393197E-005	0.0008778278
824	0	6.16566674512E-005	0.0008821615
823	0	0.000063993	0.0008854706
822	0	6.57492525192E-005	0.0008883704
821	0	6.74458555515E-005	0.0008909083
820	0	6.92092220312E-005	0.0008955333
819	0	7.11088862555E-005	0.0009008757
818	0	0.000072696	0.0009035805
817	0	7.41941892832E-005	0.0009088736
816	0	7.54995866866E-005	0.0009114373
815	0	7.69732538563E-005	0.0009141771
814	0	7.8264935567E-005	0.0009187042
813	0	0.000079575	0.0009215871
812	0	8.11138032935E-005	0.0009245301
811	0	8.22260848824E-005	0.0009259008
810	0	8.34035650072E-005	0.0009290986
809	0	8.44572654157E-005	0.0009316099
808	0	8.5583262453E-005	0.0009349691
807	0	8.65804737256E-005	0.0009353261
806	0	8.75234786954E-005	0.0009379456
805	0	8.83866797832E-005	0.0009394501
804	0	8.95312795059E-005	0.0009415765
803	0	9.04909021647E-005	0.0009442427
802	0	9.14375903355E-005	0.0009468535
801	0	9.24558162826E-005	0.0009498763
800	0	9.33597101519E-005	0.0009512887
799	0	9.42897634313E-005	0.0009535976
798	0	9.51044695192E-005	0.0009571231
797	0	9.59453776319E-005	0.000960871
796	0	9.6725484353E-005	0.0009635564
795	0	9.74977890829E-005	0.0009669319
794	0	9.82176513461E-005	0.0009725385
793	0	9.90498603574E-005	0.0009756858
792	0	9.99831812414E-005	0.0009789765
791	0	0.0001008315	0.0009820259
790	0	0.0001016134	0.0009830253
789	0	0.0001025183	0.0009841979
788	0	0.0001032603	0.000988026
787	0	0.0001040342	0.000990396
786	0	0.0001047954	0.000993433
785	0	0.0001055275	0.0009956495
784	0	0.0001062359	0.0009993153
783	0	0.0001069749	0.0010014156
782	0	0.0001076039	0.0010042699
781	0	0.0001083471	0.0010076797
780	0	0.0001089806	0.0010106862
779	0	0.0001097259	0.0010137529
778	0	0.0001102507	0.001016588
777	0	0.0001108989	0.0010198736
776	0	0.0001118113	0.0010226483
775	0	0.0001124837	0.0010262005
774	0	0.0001130742	0.0010278998
773	0	0.0001138254	0.0010315516
772	0	0.0001143791	0.0010332341
771	0	0.0001150443	0.0010357164
770	0	0.0001158068	0.0010379824
769	0	0.0001165522	0.0010411768
768	0	0.0001171936	0.0010463215
767	0	0.0001178153	0.0010487725
766	0	0.0001185062	0.0010514631
765	0	0.000119118	0.0010539412
764	0	0.0001198235	0.0010573547
763	0	0.0001204216	0.0010600134
762	0	0.0001210338	0.0010624619
761	0	0.0001215517	0.0010658518
760	0	0.0001220821	0.0010687982
759	0	0.0001226215	0.0010732915
758	0	0.00012316	0.001074131
757	0	0.0001238069	0.0010784693
756	0	0.0001244244	0.0010812235
755	0	0.0001250319	0.001084189
754	0	0.0001256132	0.0010863508
753	0	0.0001262433	0.0010904929
752	0	0.000126812	0.0010936533
751	0	0.0001274197	0.0010979374
750	0	0.0001280491	0.0011017982
749	0	0.0001286682	0.001104476
748	0	0.0001291805	0.0011063314
747	0	0.0001299066	0.0011116436
746	0	0.0001305953	0.0011140263
745	0	0.0001312045	0.0011168207
744	0	0.0001317492	0.0011205571
743	0	0.0001322559	0.0011242119
742	0	0.0001328274	0.0011268206
741	0	0.0001334478	0.0011310207
740	0	0.0001340628	0.0011339337
739	0	0.000134718	0.0011365049
738	0	0.0001352232	0.0011389171
737	0	0.0001357989	0.0011429745
736	0	0.0001362915	0.0011455621
735	0	0.0001367461	0.0011490466
734	0	0.0001372743	0.0011522719
733	0	0.0001377319	0.0011544949
732	0	0.0001383489	0.0011584848
731	0	0.0001388478	0.0011625146
730	0	0.0001393446	0.0011668261
729	0	0.0001398258	0.0011691814
728	0	0.0001404895	0.0011722505
727	0	0.0001409969	0.0011760199
726	0	0.0001414284	0.0011788439
725	0	0.0001419541	0.001181301
724	0	0.0001426471	0.0011845651
723	0	0.0001432564	0.0011877503
722	0	0.000143793	0.0011911563
721	0	0.0001443099	0.0011940389
720	0	0.0001448026	0.0011976039
719	0	0.0001452392	0.0012011799
718	0	0.0001457095	0.0012053723
717	0	0.0001462433	0.0012102581
716	0	0.0001466834	0.0012131095
715	0	0.0001472206	0.0012164742
714	0	0.0001477212	0.0012192582
713	0	0.0001482715	0.001222158
712	0	0.0001488667	0.0012240294
711	0	0.0001494769	0.0012272018
710	0	0.0001499246	0.0012311329
709	0	0.0001503256	0.0012340942
708	0	0.000150894	0.0012378557
707	0	0.000151309	0.0012417601
706	0	0.0001517754	0.0012451782
705	0	0.0001522098	0.0012489806
704	0	0.0001526372	0.001251695
703	0	0.0001531474	0.001254303
702	0	0.000153745	0.0012592562
701	0	0.0001542646	0.0012627069
700	0	0.0001546978	0.0012666425
699	0	0.0001552215	0.0012693838
698	0	0.0001556544	0.0012724729
697	0	0.0001562445	0.0012769021
696	0	0.0001568277	0.0012812871
695	0	0.000157401	0.0012858136
694	0	0.0001580174	0.0012895659
693	0	0.0001584881	0.0012931947
692	0	0.0001589899	0.0012976916
691	0	0.0001597063	0.0013028503
690	0	0.0001601771	0.0013080334
689	0	0.0001608883	0.0013137138
688	0	0.0001614259	0.0013158543
687	0	0.0001620387	0.0013214546
686	0	0.0001625871	0.0013257051
685	0	0.0001630019	0.0013293653
684	0	0.0001634941	0.0013329967
683	0	0.0001639018	0.0013365862
682	0	0.0001645134	0.0013410289
681	0	0.0001650215	0.0013442601
680	0	0.0001655506	0.0013481639
679	0	0.0001660258	0.0013522808
678	0	0.0001665069	0.0013565204
677	0	0.000166943	0.0013594203
676	0	0.0001675134	0.0013631783
675	0	0.0001680437	0.0013689835
674	0	0.0001685377	0.0013717767
673	0	0.0001689927	0.0013768988
672	0	0.0001695541	0.0013816403
671	0	0.0001700363	0.0013865978
670	0	0.0001704678	0.0013891549
669	0	0.0001707797	0.0013948949
668	0	0.0001712429	0.001398613
667	0	0.0001718323	0.001403583
666	0	0.0001721774	0.0014074386
665	0	0.00017261	0.001412098
664	0	0.0001731335	0.0014162793
663	0	0.0001735088	0.0014202535
662	0	0.0001740738	0.001424007
661	0	0.0001745078	0.0014292035
660	0	0.0001749919	0.0014326966
659	0	0.0001755163	0.0014387646
658	0	0.0001760245	0.0014423299
657	0	0.0001765455	0.0014467989
656	0	0.0001772418	0.001452828
655	0	0.0001778564	0.001456891
654	0	0.0001785006	0.0014616756
653	0	0.0001790141	0.0014646686
652	0	0.0001793822	0.0014703207
651	0	0.0001799856	0.0014758821
650	0	0.0001805238	0.0014808815
649	0	0.0001810954	0.0014846157
648	0	0.0001816117	0.0014879396
647	0	0.0001821176	0.0014921471
646	0	0.0001826902	0.0014979246
645	0	0.0001833398	0.0015032809
644	0	0.0001838445	0.0015088
643	0	0.0001844342	0.0015135539
642	0	0.0001848293	0.0015212481
641	0	0.0001853905	0.001527611
640	0	0.0001859457	0.0015339578
639	0	0.0001866049	0.0015396295
638	0	0.0001871052	0.0015457896
637	0	0.0001875908	0.0015522255
636	0	0.0001881032	0.0015568969
635	0	0.0001886353	0.0015667046
634	0	0.0001893495	0.0015743958
633	0	0.0001898335	0.0015808686
632	0	0.0001901898	0.0015852074
631	0	0.0001908213	0.0015932755
630	0	0.000191351	0.0015972167
629	0	0.000191953	0.0016034749
628	0	0.0001924436	0.0016079944
627	0	0.0001930387	0.0016147701
626	0	0.000193494	0.0016227652
625	0	0.0001939018	0.0016269072
624	0	0.0001944137	0.0016350378
623	0	0.0001948712	0.0016416451
622	0	0.0001953526	0.0016462422
621	0	0.0001958557	0.0016524816
620	0	0.0001963571	0.0016639085
619	0	0.0001969383	0.0016708893
618	0	0.0001975101	0.00167709
617	0	0.0001979051	0.001683085
616	0	0.0001985149	0.0016892361
615	0	0.0001992534	0.0016961465
614	0	0.0001997895	0.0017052104
613	0	0.000200521	0.0017143429
612	0	0.0002008748	0.0017201933
611	0	0.0002016479	0.0017285519
610	0	0.0002022388	0.0017365996
609	0	0.0002027492	0.0017431271
608	0	0.0002033538	0.0017520229
607	0	0.0002040293	0.0017596399
606	0	0.0002045482	0.0017671561
605	0	0.000205184	0.0017776929
604	0	0.0002056321	0.0017872764
603	0	0.0002061897	0.0017984875
602	0	0.0002069635	0.0018123234
601	0	0.0002077051	0.0018246362
600	0	0.0002082226	0.0018326559
599	0	0.000208744	0.0018380861
598	0	0.0002092938	0.001843785
597	0	0.0002099199	0.0018535477
596	0	0.0002105251	0.0018594406
595	0	0.0002111261	0.0018697985
594	0	0.0002120228	0.0018808626
593	0	0.0002126479	0.0018939373
592	0	0.0002132082	0.0019001754
591	0	0.0002138761	0.0019110757
590	0	0.0002144658	0.001919452
589	0	0.0002152216	0.0019283881
588	0	0.0002158673	0.0019376471
587	0	0.0002165129	0.0019483548
586	0	0.0002172651	0.0019579081
585	0	0.0002178194	0.0019692801
584	0	0.000218404	0.0019804519
583	0	0.0002192179	0.0019907383
582	0	0.0002198346	0.0019996472
581	0	0.0002204254	0.0020095637
580	0	0.0002211704	0.0020182901
579	0	0.0002218438	0.0020256075
578	0	0.00022269	0.0020455227
577	0	0.0002235417	0.0020580234
576	0	0.0002241379	0.0020694289
575	0	0.0002250589	0.0020816275
574	0	0.0002254604	0.0020970503
573	0	0.0002262809	0.0021129604
572	0	0.000226895	0.0021246018
571	0	0.0002276466	0.00213934
570	0	0.0002281959	0.0021500736
569	0	0.0002289178	0.0021628411
568	0	0.0002296934	0.0021811234
567	0	0.0002302599	0.0021975138
566	0	0.0002309538	0.0022136675
565	0	0.0002316145	0.0022281287
564	0	0.0002321601	0.0022360849
563	0	0.0002328951	0.0022517887
562	0	0.0002337199	0.0022717749
561	0	0.0002343842	0.0022870654
560	0	0.0002352096	0.0023069997
559	0	0.0002359208	0.0023229363
558	0	0.0002367078	0.002332612
557	0	0.0002375714	0.0023463736
556	0	0.0002383293	0.0023613556
555	0	0.000239023	0.0023736423
554	0	0.0002399207	0.0024005344
553	0	0.0002406299	0.0024210005
552	0	0.0002413929	0.0024350745
551	0	0.0002421173	0.0024497643
550	0	0.0002429539	0.00246435
549	0	0.000243674	0.0024804644
548	0	0.0002446	0.0025026066
547	0	0.0002453895	0.0025160863
546	0	0.0002461689	0.0025327929
545	0	0.0002467433	0.0025429462
544	0	0.0002476046	0.0025576778
543	0	0.0002486165	0.0025748603
542	0	0.0002494706	0.0025846651
541	0	0.000250463	0.002593849
540	0	0.0002514126	0.0026130624
539	0	0.0002523326	0.002630271
538	0	0.0002531398	0.0026498997
537	0	0.0002541179	0.0026723228
536	0	0.0002550859	0.0026838377
535	0	0.0002559505	0.0027062255
534	0	0.000256615	0.002718161
533	0	0.0002574728	0.0027316514
532	0	0.0002586176	0.0027440685
531	0	0.000259458	0.0027564413
530	0	0.000260248	0.0027735674
529	0	0.0002611682	0.0027916788
528	0	0.0002622976	0.0028128419
527	0	0.000263585	0.0028363253
526	0	0.0002645266	0.0028551594
525	0	0.0002656475	0.0028766488
524	0	0.0002665584	0.0028951437
523	0	0.0002672708	0.0029176641
522	0	0.0002685334	0.0029359896
521	0	0.0002695915	0.0029549469
520	0	0.000270551	0.0029757475
519	0	0.0002714873	0.0029887746
518	0	0.0002726133	0.0030116922
517	0	0.0002735924	0.0030230923
516	0	0.0002746185	0.0030379271
515	0	0.0002758086	0.0030532975
514	0	0.00027699	0.0030636838
513	0	0.0002779995	0.0030852662
512	0	0.0002792408	0.0031079902
511	0	0.0002805019	0.0031212145
510	0	0.000281762	0.0031458997
509	0	0.0002828316	0.0031697008
508	0	0.0002837926	0.0031875434
507	0	0.0002850155	0.0032065522
506	0	0.0002864558	0.0032221785
505	0	0.000288039	0.0032618418
504	0	0.0002890291	0.0032838418
503	0	0.0002901861	0.0033214671
502	0	0.0002914173	0.0033397276
501	0	0.000293125	0.0033546578
500	0	0.0002947507	0.0033747561
499	0	0.0002963137	0.0034006422
498	0	0.0002975949	0.0034304726
497	0	0.00029904	0.0034530198
496	0	0.0003008906	0.0034693249
495	0	0.0003022545	0.0034971969
494	0	0.0003039815	0.0035134943
493	0	0.0003056192	0.0035290321
492	0	0.0003069291	0.0035445898
491	0	0.0003086949	0.0035574277
490	0	0.000310692	0.0035797743
489	0	0.0003123886	0.0035985985
488	0	0.0003141171	0.0036161887
487	0	0.000315999	0.0036292669
486	0	0.0003173863	0.0036454208
485	0	0.0003194231	0.0036646043
484	0	0.0003209479	0.0036814747
483	0	0.0003225535	0.003710852
482	0	0.0003242044	0.0037226549
481	0	0.0003264963	0.0037536781
480	0	0.0003285377	0.0037626298
479	0	0.0003305518	0.0037886371
478	0	0.0003325151	0.0038115081
477	0	0.0003345144	0.0038284901
476	0	0.0003365407	0.0038544413
475	0	0.0003391437	0.0038841408
474	0	0.0003413825	0.0039044835
473	0	0.0003435453	0.0039175858
472	5.10163345945E-005	0.0003459718	0.0039298407
471	5.47454950081E-005	0.0003481387	0.0039600076
470	5.60335512256E-005	0.0003506309	0.0039834893
469	5.71877727979E-005	0.0003531423	0.0040023684
468	5.8149571714E-005	0.0003558503	0.0040244134
467	5.88334462683E-005	0.0003589441	0.0040548983
466	5.96834009572E-005	0.00036153	0.0040774077
465	6.01563380881E-005	0.0003639156	0.0040966771
464	6.07734758956E-005	0.0003663506	0.0041139217
463	6.1290768837E-005	0.0003687924	0.0041383737
462	6.19521954278E-005	0.0003716698	0.0041585453
461	6.22865562307E-005	0.0003745214	0.004174703
460	6.27312147786E-005	0.0003777369	0.0041989978
459	6.3276368389E-005	0.0003811782	0.0042276071
458	6.37033498695E-005	0.000384352	0.004240857
457	6.40962524933E-005	0.000387558	0.0042671524
456	6.44246709434E-005	0.0003906916	0.0042930791
455	6.4642185425E-005	0.0003940226	0.0043170552
454	6.50136144962E-005	0.0003970364	0.0043273223
453	0.000065243	0.000400288	0.0043447597
452	6.55741112747E-005	0.0004030195	0.0043706093
451	6.59253534435E-005	0.0004061773	0.0043987163
450	6.61254701636E-005	0.0004101951	0.0044185738
449	6.64094729587E-005	0.0004138777	0.0044361992
448	6.6673571081E-005	0.0004175038	0.0044589822
447	6.68452376578E-005	0.0004208468	0.0044745134
446	6.71243339286E-005	0.0004248799	0.0045025461
445	0.000067342	0.0004295656	0.0045237325
444	6.76651917348E-005	0.0004334887	0.0045465981
443	6.7979891609E-005	0.0004374273	0.0045681993
442	6.82778268437E-005	0.0004426825	0.0045873839
441	6.85276521939E-005	0.0004472266	0.0046045121
440	6.87176053043E-005	0.000452026	0.004626324
439	6.9052731256E-005	0.0004566462	0.0046589164
438	6.92498604193E-005	0.0004615491	0.0046821509
437	6.9512442404E-005	0.0004670897	0.0047109578
436	6.97792625975E-005	0.0004726289	0.0047311023
435	0.000069978	0.0004775629	0.004746785
434	0.000070268	0.0004824583	0.004766215
433	7.05314007454E-005	0.0004891253	0.0047949881
432	7.07371075093E-005	0.0004955903	0.0048172211
431	7.10291385624E-005	0.0005027017	0.0048383463
430	7.12763778629E-005	0.0005096102	0.0048724802
429	7.14524726745E-005	0.000515997	0.0048891229
428	7.16522188281E-005	0.0005235168	0.0049138836
427	7.18525934557E-005	0.0005316813	0.0049353646
426	7.20652650772E-005	0.000542445	0.0049643885
425	7.22050902551E-005	0.000549469	0.0050018597
424	7.24961779497E-005	0.0005567741	0.0050231447
423	7.26393335114E-005	0.0005646872	0.0050460226
422	7.28152612882E-005	0.0005730592	0.0050686039
421	7.29874230381E-005	0.0005824983	0.0050839843
420	7.31345292928E-005	0.0005907059	0.0051147358
419	0.00007331	0.0006031587	0.005136126
418	7.35488996432E-005	0.0006146946	0.0051601329
417	7.38428008042E-005	0.0006260156	0.0051833785
416	7.40815400981E-005	0.0006382558	0.0052155403
415	0.000074309	0.0006525643	0.0052465796
414	7.45366420903E-005	0.000667687	0.0052800988
413	7.47606628984E-005	0.0006809893	0.0053036391
412	7.4946460799E-005	0.0006963584	0.0053324004
411	7.51338290605E-005	0.0007108981	0.0053627177
410	7.53994355056E-005	0.000730189	0.0053869087
409	7.56672762406E-005	0.0007499527	0.0054131853
408	0.000075865	0.0007685516	0.0054375852
407	7.61176689399E-005	0.0007922763	0.005462175
406	7.63815014917E-005	0.0008136149	0.0054974897
405	7.66634633839E-005	0.0008346974	0.0055300269
404	0.000076914	0.0008572588	0.0055597625
403	7.7159645408E-005	0.0008779395	0.0055907724
402	7.73206348619E-005	0.0009010648	0.0056254304
401	7.75016450445E-005	0.0009226838	0.0056521054
400	7.78126205949E-005	0.0009382197	0.0056780709
399	0.000078079	0.0009565679	0.0057001096
398	7.82660637887E-005	0.0009756726	0.0057269556
397	7.84726847414E-005	0.0009905409	0.0057572738
396	7.87151135891E-005	0.0010084941	0.0057985364
395	7.9027627695E-005	0.0010242975	0.0058356351
394	7.92275552382E-005	0.00103894	0.0058620745
393	7.93706106735E-005	0.0010510678	0.0058908492
392	7.96233900204E-005	0.0010638501	0.0059315305
391	0.000079894	0.0010770143	0.0059863419
390	8.02231376175E-005	0.0010909661	0.0060184307
389	8.04490574368E-005	0.0011078896	0.0060582045
388	8.08160617082E-005	0.0011229395	0.0060930106
387	0.000081107	0.00113599	0.006124596
386	8.13314662496E-005	0.0011493038	0.0061670224
385	8.15691239816E-005	0.0011635602	0.0062022851
384	0.000081725	0.0011743164	0.0062357893
383	8.19593274453E-005	0.0011871622	0.0062703926
382	8.21153551322E-005	0.0012003338	0.0063054323
381	8.23786429744E-005	0.0012154063	0.0063510396
380	8.25643966436E-005	0.0012264788	0.0063837069
379	8.2814888418E-005	0.0012368405	0.006418446
378	0.000083112	0.0012496317	0.006454725
377	8.34435483314E-005	0.001263924	0.0064921558
376	0.000083667	0.0012760161	0.0065283712
375	8.38582204548E-005	0.0012889353	0.0065791561
374	8.40890645176E-005	0.0013013713	0.006610446
373	8.4250380705E-005	0.00131511	0.0066511676
372	8.44760819003E-005	0.0013274494	0.0066796352
371	8.46408598622E-005	0.0013410976	0.0067196835
370	8.48332987953E-005	0.0013544954	0.006761037
369	0.000085132	0.0013663498	0.0067980965
368	8.53421315679E-005	0.0013784308	0.0068516814
367	0.000085593	0.0013907153	0.0068922468
366	8.58125253826E-005	0.0014041827	0.006930081
365	8.60983884157E-005	0.0014151173	0.0069635338
364	8.63275458374E-005	0.0014269211	0.007005289
363	8.65153097739E-005	0.0014408905	0.0070629069
362	0.000086746	0.0014536865	0.0070987557
361	8.69484699918E-005	0.0014673575	0.0071494869
360	8.71043616543E-005	0.0014796035	0.0071962291
359	8.72887877758E-005	0.0014915157	0.0072277847
358	0.000087532	0.0015048383	0.0072877506
357	8.7772394304E-005	0.0015207183	0.0073418359
356	8.79726634881E-005	0.0015325441	0.0073934269
355	8.81692750983E-005	0.0015460614	0.0074298611
354	8.84008717971E-005	0.0015583608	0.0074740811
353	8.86432814715E-005	0.0015714028	0.007525293
352	8.88683788575E-005	0.0015848536	0.0075733581
351	8.91825073792E-005	0.0015980386	0.0076382267
350	8.94366997276E-005	0.0016106404	0.007678094
349	8.97061670101E-005	0.0016244652	0.0077161693
348	9.00022442597E-005	0.0016383987	0.0077716054
347	9.02278962505E-005	0.0016517685	0.0078369166
346	9.04741543686E-005	0.0016680327	0.0078982984
345	9.07625730354E-005	0.001681122	0.0079534202
344	9.09710935856E-005	0.0016932022	0.0080094639
343	9.12783248846E-005	0.0017071309	0.0080996162
342	9.17571812972E-005	0.0017202513	0.008148426
341	9.20795158483E-005	0.0017365934	0.0082035459
340	9.23631373761E-005	0.0017501693	0.0082496906
339	9.27075074063E-005	0.0017644272	0.0083161543
338	9.30965448077E-005	0.0017807769	0.008407772
337	9.34405286291E-005	0.0017957005	0.0084871299
336	9.3926367488E-005	0.0018112253	0.0085613888
335	9.414273672E-005	0.0018255074	0.0086184493
334	9.43606216285E-005	0.0018386863	0.0086802516
333	9.47215307879E-005	0.0018543542	0.0087369698
332	9.49057612947E-005	0.0018690458	0.0087966369
331	9.51807398164E-005	0.00188253	0.0088542106
330	9.55866257608E-005	0.001896637	0.0089092002
329	9.59652025135E-005	0.0019115906	0.0089943891
328	9.62439009198E-005	0.0019272268	0.0090621155
327	9.66046466745E-005	0.0019407004	0.0091274558
326	9.69355870635E-005	0.0019580124	0.0092105539
325	9.73604131669E-005	0.0019762522	0.009270608
324	9.76868293903E-005	0.0019914656	0.009350266
323	0.000098017	0.0020082191	0.0094324901
322	9.84586155876E-005	0.0020227327	0.0095186712
321	0.000098917	0.0020399572	0.0096187039
320	9.92981128022E-005	0.0020564583	0.0097016205
319	9.97442205306E-005	0.0020717053	0.0097769833
318	0.0001001162	0.0020884172	0.009873483
317	0.0001005358	0.0021034933	0.0099732725
316	0.0001011435	0.0021202664	0.0100658398
315	0.0001016403	0.0021361245	0.0101398985
314	0.0001020994	0.0021530258	0.0102438904
313	0.000102529	0.0021716856	0.0103371171
312	0.0001031301	0.0021868899	0.0104163955
311	0.0001035883	0.0022071428	0.0105156786
310	0.0001041871	0.0022288686	0.0106343221
309	0.0001047128	0.0022469247	0.0107582344
308	0.0001053588	0.0022668967	0.0108996527
307	0.0001058467	0.0022859319	0.0110141706
306	0.0001064207	0.0023064828	0.0111714463
305	0.0001069876	0.002322936	0.0112630313
304	0.0001076643	0.002344504	0.0113878545
303	0.0001080873	0.0023626177	0.0115059308
302	0.0001088251	0.0023826889	0.0116558354
301	0.0001093671	0.002401939	0.0117898742
300	0.0001099028	0.0024216443	0.011943934
299	0.0001106274	0.0024427457	0.0120616835
298	0.0001110691	0.0024614089	0.0121887009
297	0.0001121008	0.0024799116	0.0123545905
296	0.0001126895	0.0025032406	0.0125084207
295	0.0001134512	0.0025244081	0.0126575639
294	0.0001143444	0.0025469655	0.0127952968
293	0.0001150696	0.0025681984	0.0129412061
292	0.0001160431	0.0025893164	0.0131307937
291	0.0001168367	0.0026127249	0.0132887376
290	0.0001175601	0.0026355818	0.0134863839
289	0.00011861	0.0026600384	0.0136864412
288	0.0001197486	0.0026852207	0.0138774097
287	0.0001204875	0.0027088063	0.0140973518
286	0.0001214394	0.0027304082	0.0143098775
285	0.0001225552	0.0027517044	0.0144921704
284	0.0001236643	0.0027765738	0.0147001694
283	0.0001248432	0.0028031461	0.0149067218
282	0.0001261752	0.002831733	0.0151215821
281	0.0001274425	0.0028559982	0.0153486813
280	0.0001286645	0.0028849584	0.0155814122
279	0.0001296405	0.0029120957	0.0158303004
278	0.0001309912	0.0029429737	0.0160872808
277	0.0001324214	0.0029749035	0.016336948
276	0.0001339249	0.0030028991	0.0166065188
275	0.0001355324	0.0030279162	0.0168455872
274	0.0001371034	0.0030566261	0.017115953
273	0.0001381396	0.0030834578	0.0173929268
272	0.0001398816	0.0031139657	0.0176615856
271	0.0001413414	0.0031468698	0.017929939
270	0.0001432392	0.0031798357	0.0182777906
269	0.0001453285	0.0032166225	0.0186155015
268	0.0001479486	0.0032521082	0.0189343257
267	0.000149835	0.0032897593	0.0192189166
266	0.0001524709	0.0033257636	0.0196131572
265	0.0001544876	0.0033615441	0.0200116438
264	0.0001569278	0.0034035038	0.0204020119
263	0.000159501	0.0034508361	0.0207582574
262	0.000161407	0.0034969601	0.0211111092
261	0.0001637625	0.0035394059	0.0214639164
260	0.0001655192	0.0035856426	0.0218695615
259	0.0001686064	0.003633723	0.0223159153
258	0.0001708686	0.003679139	0.0227227345
257	0.0001733527	0.0037296935	0.0231827806
256	0.000176064	0.0037785382	0.0236085663
255	0.0001791572	0.0038423854	0.0241129848
254	0.0001824047	0.0038953564	0.0245842854
253	0.0001859569	0.0039509858	0.0250786169
252	0.0001894122	0.0040166547	0.0255925049
251	0.0001926516	0.0040772883	0.0260862634
250	0.0001976456	0.0041379965	0.0266150365
249	0.0002024978	0.0042066818	0.0272106484
248	0.0002067833	0.004280651	0.0277299582
247	0.0002111782	0.0043471	0.0282593851
246	0.0002161645	0.0044191965	0.0289335913
245	0.0002217871	0.0045010439	0.0294741314
244	0.0002293453	0.004575938	0.0301236991
243	0.0002384958	0.0046677663	0.0308463133
242	0.0002459963	0.0047616438	0.0315527336
241	0.0002527862	0.0048565469	0.0322587356
240	0.0002609391	0.0049555882	0.0329491019
239	0.0002716452	0.0050641036	0.0337871119
238	0.0002805275	0.0051679584	0.0345516142
237	0.000294019	0.0052947875	0.0354365136
236	0.000304611	0.0054102767	0.0363476686
235	0.0003197041	0.0055417725	0.0372805214
234	0.0003381863	0.0056767799	0.0380785037
233	0.0003560728	0.0058215572	0.0390805134
232	0.0003802744	0.0059876344	0.0402177277
231	0.0003989027	0.0061547991	0.0414019651
230	0.0004211331	0.0063398547	0.042694364
229	0.0004470606	0.006502251	0.0438963321
228	0.0004722108	0.0067025647	0.0453188567
227	0.0005036359	0.0069115304	0.0466897745
226	0.0005351684	0.0071470276	0.048152255
225	0.0005703861	0.007405952	0.0496344158
224	0.0006067244	0.0076616546	0.0513014785
223	0.0006471602	0.0079476931	0.0526376715
222	0.0006893569	0.0082413291	0.054464538
221	0.0007325752	0.008585971	0.0563037683
220	0.0007826267	0.0089317963	0.0585116417
219	0.0008265872	0.0093493794	0.0609580983
218	0.0008698515	0.0097876976	0.0634209736
217	0.0009132869	0.010268329	0.0660567777
216	0.0009530538	0.0107476376	0.06851535
215	0.0009859545	0.0113125032	0.0716004028
214	0.0010150872	0.0118590473	0.0747994458
213	0.0010480026	0.0124790339	0.078199041
212	0.0010764404	0.0131034707	0.0818455183
211	0.0011063283	0.013805074	0.0857960624
210	0.0011377895	0.0146203685	0.0902227442
209	0.0011726521	0.0155047011	0.095354733
208	0.0012114406	0.0163627425	0.1005715701
207	0.0012484691	0.0173097443	0.1061564302
206	0.0012882779	0.018296628	0.112425337
205	0.0013207514	0.0192369501	0.1190584922
204	0.0013646199	0.0203496018	0.1261341434
203	0.0014070284	0.0214312897	0.1340352542
202	0.0014615102	0.0225770096	0.1428531989
201	0.0015080237	0.0238810273	0.1538401594
200	0.0015651466	0.0251928813	0.1646048787
199	0.0016269314	0.0265904221	0.1757853487
198	0.0016888128	0.028084175	0.1886819749
197	0.0017697964	0.0298067043	0.2021279774
196	0.001848528	0.0316178979	0.2159908278
195	0.0019446331	0.0335811815	0.2324040543
194	0.0020556996	0.0357002228	0.2488556376
193	0.0021650985	0.0379020279	0.2669589041
192	0.0023098756	0.0403700662	0.2862417846
191	0.0024517338	0.0431190637	0.3076754518
190	0.0026224025	0.0461423326	0.3321137557
189	0.0028512548	0.0494439462	0.3578252512
188	0.0030761085	0.0528106406	0.3847482914
187	0.0033521074	0.0562437719	0.416918039
186	0.0036366986	0.0605235678	0.4465800895
185	0.0039345215	0.0647290933	0.4756050171
184	0.0043152083	0.0694808831	0.5127115331
183	0.0047815719	0.0745194581	0.5506773248
182	0.005333964	0.0797266286	0.599026548
181	0.0060429014	0.0856453548	0.6380315877
180	0.0067975477	0.0913385327	0.6864383036
179	0.0077466009	0.0975232364	0.7467111134
178	0.0089152984	0.1039611751	0.8162236855
177	0.0102024328	0.1108656298	0.8811001
176	0.0115432076	0.118154313	0.9586721389
175	0.0131221634	0.1251354599	1.0414205869
174	0.0144653141	0.1318819972	1.1103937055
173	0.0160283398	0.1396573388	1.2070154422
172	0.0174725455	0.1476686704	1.3055563514
171	0.0189545062	0.1565380458	1.4064757086
170	0.0203194772	0.1653763712	1.5516970878
169	0.021617286	0.173411005	1.6415093693
168	0.0230522317	0.1827553626	1.7894577061
167	0.0242720753	0.1920294309	1.9346686593
166	0.0256032082	0.2006347788	2.0714215329
165	0.026673597	0.2105571273	2.2898009808
164	0.0276438201	0.2212607552	2.3875078694
163	0.0285305558	0.2320784433	2.5885562542
162	0.0293146771	0.2432910829	2.7580975605
161	0.0298590874	0.2536145838	2.9011379625
160	0.0303918184	0.2633330295	3.0460081272
159	0.0309464211	0.2739683625	3.145561805
158	0.0312822185	0.2821278445	3.3865820106
157	0.0316217461	0.290559105	3.4921405076
156	0.0318952431	0.2994245373	3.5733285457
155	0.0320461153	0.3067673469	3.6962328174
154	0.0319566571	0.3144809665	3.7926167455
153	0.0317736931	0.3204108665	3.8392954128
152	0.0315690343	0.3237812838	3.9755457679
151	0.0312308127	0.3234361402	3.8806976795
150	0.0307092958	0.3231186158	3.9167135345
149	0.030261971	0.3236099951	3.9330098227
148	0.0298382097	0.3231449362	3.9758155357
147	0.0293435479	0.3201484097	3.9862892226
146	0.0287348085	0.3191760314	3.8984902753
145	0.028324272	0.3164660106	3.7252557004
144	0.0276108371	0.313767261	3.7490464408
143	0.0270514642	0.3082516408	3.6563808599
142	0.0264684877	0.3040139735	3.5147912938
141	0.0260363218	0.3000549467	3.3613723726
140	0.0256419562	0.296915413	3.2624800643
139	0.0251999999	0.2928756882	3.1325096008
138	0.0248654945	0.2894666791	2.955318434
137	0.0245479637	0.2862210168	2.8927392768
136	0.0242331693	0.2830391763	2.6840321159
135	0.024076618	0.2815182894	2.5792674128
134	0.0239201375	0.2790309304	2.4601654483
133	0.0237715438	0.2779778451	2.3437854193
132	0.0237255337	0.2771043714	2.2061941324
131	0.0237050736	0.2775739903	2.1256832875
130	0.0238404908	0.2793037476	2.0641633521
129	0.0241185447	0.2803468747	1.9767193942
128	0.024377491	0.2814671262	1.9004474368
127	0.0247858174	0.2844217065	1.8191746192
126	0.0251884915	0.2876369597	1.7936910554
125	0.0257849433	0.2917130332	1.7416824505
124	0.0263395337	0.296690974	1.7012926211
123	0.0270129289	0.3029882196	1.6755024881
122	0.0277575028	0.3088076443	1.6641387673
121	0.0289627494	0.3167850271	1.6799158501
120	0.0301223527	0.3240100338	1.6649310153
119	0.0314819026	0.3316958105	1.6822908582
118	0.033032477	0.339650987	1.6651768698
117	0.0343484956	0.348403081	1.6803257137
116	0.0358314172	0.3558588094	1.6954341832
115	0.0374417516	0.3634066584	1.7162086792
114	0.0387320309	0.3689003658	1.7393562576
113	0.039670571	0.3732703938	1.7679108755
112	0.0404943108	0.3765291338	1.7747529454
111	0.0410277138	0.3785241975	1.7820578969
110	0.0412280885	0.3792005793	1.774218062
109	0.0408414596	0.3774605287	1.784889828
108	0.0401088217	0.3758394362	1.8063317951
107	0.0387333507	0.3721678586	1.8050338633
106	0.0366705835	0.3659406054	1.7873110181
105	0.0335201312	0.359027177	1.7783550073
104	0.0301228974	0.3501004887	1.7609745197
103	0.0256308994	0.3409051254	1.7570725224
102	0.0200958567	0.3287307784	1.7386911278
101	0.0147980585	0.3145359972	1.7088094489
100	0.0106866389	0.3005452814	1.6927821731
99	0.0078107542	0.284088379	1.6517906437
98	0.0060566635	0.2652452105	1.5869931225
97	0.0048656042	0.2453512648	1.5138142721
96	0.004088175	0.2234234025	1.4433183476
95	0.0035351862	0.2007680732	1.3887170343
94	0.0031356096	0.1734784791	1.2892997338
93	0.0028584405	0.1399093471	1.1852949703
92	0.0026292395	0.1007635215	1.1099461154
91	0.0024455612	0.0745069655	1.01713237
90	0.0022906848	0.0590225308	0.9408447043
89	0	0.0482832029	0.846180983
88	0	0.0402308327	0.764097334
87	0	0.0336869395	0.681680216
86	0	0.0280035181	0.5980297023
85	0	0.0229286823	0.5299845373
84	0	0.0183209765	0.4641254559
83	0	0.0143685651	0.4049720127
82	0	0.0117879055	0.3486226696
81	0	0.0101144918	0.3036849376
80	0	0.0089505802	0.2635587624
79	0	0.0080372496	0.22867905
78	0	0.0072877974	0.1961307899
77	0	0.0067234075	0.1680850107
76	0	0.0062405459	0.1426609967
75	0	0.005847577	0.1187666393
74	0	0.0054773367	0.0953775852
73	0	0.005133457	0.0794313083
72	0	0.004846999	0.069716532
71	0	0.0045995943	0.06227279
70	0	0.0043820178	0.0565557391
69	0	0.0041644389	0.0517206592
68	0	0.0039865193	0.0482497647
67	0	0.0038189917	0.0451457323
66	0	0.0036599829	0.0423548068
65	0	0.0035109812	0.0400458441
64	0	0.0033801405	0.0379425407
63	0	0.0032429481	0.0360294723
62	0	0.0031108159	0.0339291543
61	0	0.0029821951	0.0320204965
60	0	0.002847172	0.0303720002
59	0	0.0027057553	0.0287790434
58	0	0.0025518583	0.0271411705
57	0	0.0023762544	0.025738483
56	0	0	0.0241672389
55	0	0	0.0227681621
54	0	0	0.0213994141
53	0	0	0.0202234771
52	0	0	0.0188785753
51	0	0	0.0174247853
50	0	0	0.0154812726
49	0	0	0.0133462351
48	0	0	0.0111425504
47	0	0	0.009648976
46	0	0	0.0086963757
45	0	0	0.0079067738
44	0	0	0.0073565587
43	0	0	0.0069076776
42	0	0	0.006519471
41	0	0	0.0061539093
40	0	0	0.0058456749
39	0	0	0.0055679492
38	0	0	0.0053253352
37	0	0	0.0051245277
36	0	0	0.0049525223
35	0	0	0.0047822543
34	0	0	0.0046221399
33	0	0	0.0044716735
32	0	0	0.0043278775
31	0	0	0.0042054189
30	0	0	0.0040682861
29	0	0	0.0039489548
28	0	0	0.0038311007
27	0	0	0.0037447539
26	0	0	0.0036482163
25	0	0	0.0035586556
24	0	0	0.0034754694
23	0	0	0.0033915553
22	0	0	0.0033012463
21	0	0	0.0032149636
20	0	0	0.0031331399
19	0	0	0.0030639721
18	0	0	0.0029887277
17	0	0	0.0029076257
16	0	0	0.0028319805
15	0	0	0.002757472
14	0	0	0.0026819571
13	0	0	0.0025995686
12	0	0	0.0025099898
11	0	0	0.0024280977
10	0	0	0.0023136491
9	0	0	0
8	0	0	0
7	0	0	0
6	0	0	0
5	0	0	0
4	0	0	0
3	0	0	0
2	0	0	0
1	0	0	0
0	0	0	0
